1317359530.521743059
1317359530.625437021
1317359530.729084968
1317359530.832690000
1317359530.936274051
1317359531.039858102
1317359531.143416881
1317359531.246949911
1317359531.350516080
1317359531.454147100
1317359531.557828903
1317359531.661505937
1317359531.765202045
1317359531.868952989
1317359532.076657056
1317359532.180536985
1317359532.284488916
1317359532.388456106
1317359532.492415904
1317359532.596384048
1317359532.700347900
1317359532.804289102
1317359532.908209085
1317359533.012162923
1317359533.116107940
1317359533.220022916
1317359533.323966979
1317359533.427911996
1317359533.635735988
1317359533.739677906
1317359533.843655109
1317359533.947623014
1317359534.051613092
1317359534.155616044
1317359534.259582996
1317359534.363512039
1317359534.467444896
1317359534.571388006
1317359534.675329923
1317359534.779283046
1317359534.883202075
1317359534.987102031
1317359535.194855928
1317359535.298753976
1317359535.402623891
1317359535.506500005
1317359535.610379934
1317359535.714256048
1317359535.818150043
1317359535.922039031
1317359536.025908946
1317359536.129791021
1317359536.233660936
1317359536.337544918
1317359536.441443920
1317359536.545314073
1317359531.972784996
1317359533.531827926
1317359535.090974092
1317359536.649216890
1317359538.207062005
1317359539.764982938
1317359541.321422100
1317359542.877577066
1317359544.433167934
1317359545.989790916
1317359547.547301054
1317359549.104417085
1317359550.661456108
1317359536.753112077
1317359536.856996059
1317359536.960917949
1317359537.064872026
1317359537.168823003
1317359537.272705078
1317359537.376588106
1317359537.480468034
1317359537.584321975
1317359537.688160896
1317359537.791977882
1317359537.895776987
1317359537.999530076
1317359538.103276968
1317359538.310890913
1317359538.414736986
1317359538.518590927
1317359538.622452974
1317359538.726320981
1317359538.830214977
1317359538.934107065
1317359539.037987947
1317359539.141875982
1317359539.245769023
1317359539.349615097
1317359539.453454971
1317359539.557326078
1317359539.661176919
1317359539.868772983
1317359539.972567081
1317359540.076320886
1317359540.180082082
1317359540.283855915
1317359540.387619972
1317359540.491374969
1317359540.595127105
1317359540.698909044
1317359540.802661895
1317359540.906399965
1317359541.010181903
1317359541.113934993
1317359541.217674970
1317359541.425184011
1317359541.528990030
1317359541.632776021
1317359541.736546039
1317359541.840305089
1317359541.944053888
1317359542.047827005
1317359542.151614904
1317359542.255373001
1317359542.359086036
1317359542.462805032
1317359542.566519975
1317359542.670205116
1317359542.773879051
1317359542.981277942
1317359543.084973096
1317359543.188680887
1317359543.292372941
1317359543.396044969
1317359543.499711036
1317359543.603413105
1317359543.707129955
1317359543.810830116
1317359543.914556026
1317359544.018253087
1317359544.121965885
1317359544.225718021
1317359544.329442977
1317359544.536910057
1317359544.640695095
1317359544.744472026
1317359544.848239898
1317359544.952018976
1317359545.055794954
1317359545.159585952
1317359545.263381958
1317359545.367192029
1317359545.470989942
1317359545.574753999
1317359545.678539991
1317359545.782293081
1317359545.886043071
1317359546.093507051
1317359546.197282075
1317359546.301079988
1317359546.404886007
1317359546.508711099
1317359546.612557888
1317359546.716404914
1317359546.820252895
1317359546.924124956
1317359547.027962923
1317359547.131807088
1317359547.235687971
1317359547.339560985
1317359547.443432092
1317359547.651169061
1317359547.755038022
1317359547.858877897
1317359547.962735891
1317359548.066579103
1317359548.170367002
1317359548.274173974
1317359548.377976894
1317359548.481753110
1317359548.585527896
1317359548.689328908
1317359548.793126106
1317359548.896892070
1317359549.000665903
1317359549.208147048
1317359549.311881065
1317359549.415632963
1317359549.519409894
1317359549.623208999
1317359549.726982116
1317359549.830760955
1317359549.934581995
1317359550.038404941
1317359550.142224073
1317359550.246062040
1317359550.349908113
1317359550.453754901
1317359550.557609081
1317359550.765328884
1317359550.869174003
1317359550.972996950
1317359551.076793909
1317359551.180558919
1317359551.284342050
1317359551.388114929
1317359551.491906881
1317359551.595704078
1317359551.699491024
1317359551.803242921
1317359551.906943082
1317359552.010647058
1317359552.114348888
1317359552.321808099
1317359552.425585031
1317359552.529356956
1317359552.633131027
1317359552.736901998
1317359552.840698957
1317359552.944493055
1317359553.048266887
1317359553.152064085
1317359553.255912065
1317359553.359808921
1317359553.463725090
1317359553.567677021
1317359553.671644926
1317359553.879569053
1317359553.983536005
1317359554.087491035
1317359554.191436052
1317359554.295377969
1317359554.399296998
1317359554.503215074
1317359554.607110023
1317359554.710956096
1317359554.814802885
1317359554.918649911
1317359555.022475004
1317359555.126296997
1317359555.230119943
1317359555.437665939
1317359555.541394948
1317359555.645118951
1317359555.748847961
1317359555.852552890
1317359555.956231117
1317359556.059907913
1317359556.163609027
1317359556.267333984
1317359556.371061086
1317359556.474791049
1317359556.578542947
1317359556.682291030
1317359556.786016941
1317359556.993546962
1317359557.097318887
1317359557.201092958
1317359557.304867982
1317359557.408667087
1317359557.512515068
1317359557.616384029
1317359557.720253944
1317359557.824126958
1317359557.927999019
1317359558.031838893
1317359558.135674953
1317359558.239496946
1317359558.343297004
1317359558.550882101
1317359558.654633045
1317359558.758380889
1317359558.862142086
1317359558.965854883
1317359559.069556951
1317359559.173243045
1317359559.276921033
1317359559.380598068
1317359559.484292984
1317359559.588001966
1317359559.691684007
1317359559.795341968
1317359559.898993968
1317359560.106426000
1317359560.210124969
1317359560.313851118
1317359560.417593002
1317359560.521306037
1317359560.625010967
1317359560.728753089
1317359560.832500934
1317359560.936228036
1317359561.039978981
1317359561.143728971
1317359561.247467994
1317359561.351193904
1317359561.454941987
1317359561.662470102
1317359561.766223907
1317359561.869997978
1317359561.973743915
1317359562.077497005
1317359562.181246042
1317359562.284961938
1317359562.388695955
1317359562.492423057
1317359562.596141099
1317359562.699843883
1317359562.803525924
1317359562.907203912
1317359563.010880947
1317359563.218290090
1317359563.321979045
1317359563.425657033
1317359563.529330968
1317359563.633008956
1317359563.736684083
1317359563.840390920
1317359563.944092988
1317359564.047787904
1317359564.151489973
1317359564.255182027
1317359564.358884096
1317359564.462577104
1317359564.566262960
1317359564.773668050
1317359564.877444028
1317359564.981266975
1317359565.085043907
1317359565.188738107
1317359565.292486906
1317359565.396270036
1317359565.500020027
1317359565.603796005
1317359565.707593917
1317359565.811369895
1317359565.915144920
1317359566.018913984
1317359566.122699022
1317359566.330219984
1317359566.433971881
1317359566.537689924
1317359566.641391038
1317359566.745126008
1317359566.848876953
1317359566.952644109
1317359567.056451082
1317359567.160254955
1317359567.264023065
1317359567.367791891
1317359567.471575021
1317359567.575329065
1317359567.679084062
1317359567.886605024
1317359567.990376949
1317359568.094118118
1317359568.197904109
1317359568.301678895
1317359568.405417919
1317359568.509169101
1317359568.612920045
1317359568.716633081
1317359568.820338964
1317359568.924093961
1317359569.027848005
1317359569.131596088
1317359569.235366106
1317359569.442873001
1317359569.546664953
1317359569.650461912
1317359569.754231929
1317359569.857986927
1317359569.961755037
1317359570.065556049
1317359570.169353961
1317359570.273149967
1317359570.376959085
1317359570.480756044
1317359570.584507942
1317359570.688261032
1317359570.792025089
1317359570.999572992
1317359571.103327989
1317359571.207077980
1317359571.310847043
1317359571.414633035
1317359571.518408060
1317359571.622183084
1317359571.725972890
1317359571.829770088
1317359571.933578968
1317359572.037406921
1317359572.141228914
1317359572.245044946
1317359572.348845958
1317359572.556421041
1317359572.660219907
1317359572.764015913
1317359572.867837905
1317359572.971640110
1317359573.075406074
1317359573.179168939
1317359573.282918930
1317359573.386694908
1317359573.490469932
1317359573.594230890
1317359573.698005914
1317359573.801779985
1317359573.905560970
1317359574.113048076
1317359574.216763019
1317359574.320502042
1317359574.424241065
1317359574.527961015
1317359574.631652116
1317359574.735338926
1317359574.839042901
1317359574.942758083
1317359575.046427965
1317359575.150156021
1317359575.253926038
1317359575.357614040
1317359575.461340904
1317359553.775607109
1317359555.333915948
1317359556.889770984
1317359558.447098016
1317359560.002697944
1317359561.558717012
1317359563.114583969
1317359564.669941902
1317359566.226469993
1317359567.782834053
1317359569.339124917
1317359570.895797014
1317359572.452621936
1317359575.668852090
1317359575.772593021
1317359575.876343011
1317359575.980081081
1317359576.083833932
1317359576.187622070
1317359576.291382074
1317359576.395093917
1317359576.498810052
1317359576.602514028
1317359576.706192970
1317359576.809885025
1317359576.913566112
1317359577.017256021
1317359577.224720954
1317359577.328459024
1317359577.432233095
1317359577.536009073
1317359577.639794111
1317359577.743592977
1317359577.847409963
1317359577.951209068
1317359578.055015087
1317359578.158840894
1317359578.262665987
1317359578.366506099
1317359578.470366954
1317359578.574248075
1317359578.781966924
1317359578.885802984
1317359578.989650011
1317359579.093449115
1317359579.197222948
1317359579.301007032
1317359579.404756069
1317359579.508474111
1317359579.612185001
1317359579.715898990
1317359579.819606065
1317359579.923276901
1317359580.026962995
1317359580.130661010
1317359580.338068008
1317359580.441723108
1317359580.545377969
1317359580.649080038
1317359580.752830028
1317359580.856584072
1317359580.960356950
1317359581.064155101
1317359581.167979955
1317359581.271825075
1317359581.375674009
1317359581.479520082
1317359581.583339929
1317359581.687161922
1317359581.894736051
1317359581.998513936
1317359582.102264881
1317359582.205966949
1317359582.309644937
1317359582.413348913
1317359582.517075061
1317359582.620800018
1317359582.724528074
1317359582.828254938
1317359582.932027101
1317359583.035898923
1317359583.139820098
1317359583.243762969
1317359583.451524972
1317359583.555325031
1317359583.659077882
1317359583.762779951
1317359583.866457939
1317359583.970135927
1317359584.073816061
1317359584.177470922
1317359584.281104087
1317359584.384732961
1317359584.488363027
1317359584.591969966
1317359584.695575952
1317359584.799205064
1317359585.006490945
1317359585.110143899
1317359585.213776111
1317359585.317430973
1317359585.421134948
1317359585.524863004
1317359585.628613948
1317359585.732387065
1317359585.836208105
1317359585.940103054
1317359586.044044971
1317359586.148061037
1317359586.252124071
1317359586.356211900
1317359586.564387083
1317359586.668473005
1317359586.772535085
1317359586.876574993
1317359586.980564117
1317359587.084530115
1317359587.188472986
1317359587.292390108
1317359587.396286010
1317359587.500158071
1317359587.604005098
1317359587.707803010
1317359587.811577081
1317359587.915327072
1317359588.122764110
1317359588.226444005
1317359588.330090999
1317359588.433746099
1317359588.537450075
1317359588.641151905
1317359588.744879007
1317359588.848628997
1317359588.952379941
1317359589.056157112
1317359589.159928083
1317359589.263701915
1317359589.367454051
1317359589.471204996
1317359589.678802013
1317359589.782555103
1317359589.886306047
1317359589.990077972
1317359590.093853950
1317359590.197630882
1317359590.301425933
1317359590.405247926
1317359590.509073972
1317359590.612873077
1317359590.716671943
1317359590.820494890
1317359590.924316883
1317359591.028115987
1317359591.235781908
1317359591.339581012
1317359591.443355083
1317359591.547128915
1317359591.650896072
1317359591.754671096
1317359591.858443975
1317359591.962224006
1317359592.066001892
1317359592.169804096
1317359592.273576021
1317359592.377325057
1317359592.481080055
1317359592.584805965
1317359592.792248964
1317359592.895983934
1317359592.999737024
1317359593.103488922
1317359593.207240104
1317359593.311006069
1317359593.414757013
1317359593.518484115
1317359593.622215032
1317359593.725944042
1317359593.829672098
1317359593.933393955
1317359594.037090063
1317359594.140798091
1317359594.348186969
1317359594.451864004
1317359594.555535078
1317359594.659238100
1317359594.762998104
1317359594.866748094
1317359594.970487117
1317359595.074270009
1317359595.178046941
1317359595.281821966
1317359595.385596990
1317359595.489339113
1317359595.593064069
1317359595.696790933
1317359595.904231071
1317359596.007950067
1317359596.111673116
1317359596.215380907
1317359596.319118022
1317359596.422837018
1317359596.526566028
1317359596.630291938
1317359596.733983993
1317359596.837666034
1317359596.941369056
1317359597.045104980
1317359597.148854017
1317359597.252594947
1317359575.565114974
1317359577.120992898
1317359578.678128004
1317359580.234364032
1317359581.790960073
1317359583.347681045
1317359584.902836084
1317359586.460299015
1317359588.019053936
1317359589.575001955
1317359591.131932020
1317359592.688529968
1317359594.244503021
1317359597.460057020
1317359597.563796997
1317359597.667546987
1317359597.771327972
1317359597.875125885
1317359597.978923082
1317359598.082802057
1317359598.186697959
1317359598.290595054
1317359598.394546985
1317359598.498502969
1317359598.602468013
1317359598.706442117
1317359598.810431957
1317359599.018376111
1317359599.122324943
1317359599.226246118
1317359599.330141067
1317359599.434011936
1317359599.537836074
1317359599.641629934
1317359599.745445013
1317359599.849253892
1317359599.953027963
1317359600.056801080
1317359600.160554885
1317359600.264281034
1317359600.368005037
1317359600.575458049
1317359600.679192066
1317359600.782921075
1317359600.886641979
1317359600.990369081
1317359601.094077110
1317359601.197752952
1317359601.301450014
1317359601.405153989
1317359601.508831977
1317359601.612513065
1317359601.716239929
1317359601.820013046
1317359601.923763036
1317359602.131287097
1317359602.235088109
1317359602.338890075
1317359602.442663908
1317359602.546411991
1317359602.650132894
1317359602.753834962
1317359602.857544898
1317359602.961222887
1317359603.064877033
1317359603.168530941
1317359603.272186994
1317359603.375870943
1317359603.479577064
1317359603.686968088
1317359603.790719985
1317359603.894500970
1317359603.998277902
1317359604.102051019
1317359604.205825090
1317359604.309602022
1317359604.413376092
1317359604.517146110
1317359604.620920896
1317359604.724677085
1317359604.828404903
1317359604.932132005
1317359605.035857915
1317359605.243311882
1317359605.347038984
1317359605.450762987
1317359605.554456949
1317359605.658159017
1317359605.761885881
1317359605.865587949
1317359605.969265937
1317359606.072954893
1317359606.176632881
1317359606.280301094
1317359606.384016036
1317359606.487720966
1317359606.591401100
1317359606.798779010
1317359606.902507066
1317359607.006234884
1317359607.109935045
1317359607.213589906
1317359607.317245960
1317359607.420948028
1317359607.524676084
1317359607.628375053
1317359607.732052087
1317359607.835732936
1317359607.939389944
1317359608.043046951
1317359608.146723985
1317359608.353955984
1317359608.457590103
1317359608.561216115
1317359608.664853096
1317359608.768484115
1317359608.872137069
1317359608.975815057
1317359609.079515933
1317359609.183218955
1317359609.286899089
1317359609.390554904
1317359609.494210958
1317359609.597913026
1317359609.701613903
1317359609.909035921
1317359610.012774944
1317359610.116498947
1317359610.220238924
1317359610.323997974
1317359610.427726984
1317359610.531451940
1317359610.635154962
1317359610.738862037
1317359610.842587947
1317359610.946337938
1317359611.050086975
1317359611.153814077
1317359611.257539033
1317359611.464987039
1317359611.568713903
1317359611.672462940
1317359611.776246070
1317359611.880019903
1317359611.983762025
1317359612.087490081
1317359612.191248893
1317359612.295001029
1317359612.398729085
1317359612.502454996
1317359612.606183052
1317359612.709887981
1317359612.813591003
1317359613.021040916
1317359613.124768972
1317359613.228493928
1317359613.332221984
1317359613.435970067
1317359613.539717912
1317359613.643471002
1317359613.747246026
1317359613.851000070
1317359613.954727888
1317359614.058444976
1317359614.162178993
1317359614.265903949
1317359614.369656085
1317359614.577172040
1317359614.680898904
1317359614.784600973
1317359614.888338088
1317359614.992089033
1317359615.095828056
1317359615.199635028
1317359615.303411960
1317359615.407141923
1317359615.510890007
1317359615.614640951
1317359615.718369960
1317359615.822093963
1317359615.925817966
1317359616.133228063
1317359616.236947059
1317359616.340672969
1317359616.444405078
1317359616.548116922
1317359616.651814937
1317359616.755530118
1317359616.859255075
1317359616.962984085
1317359617.066720008
1317359617.170427083
1317359617.274128913
1317359617.377851009
1317359617.481544971
1317359617.688935995
1317359617.792634010
1317359617.896289110
1317359617.999948024
1317359618.103657007
1317359618.207360029
1317359618.311038017
1317359618.414716005
1317359618.518445014
1317359618.622196912
1317359618.725899934
1317359618.829579114
1317359618.933255910
1317359619.036957025
1317359597.356331110
1317359598.914418935
1317359600.471724987
1317359602.027512073
1317359603.583275079
1317359605.139584064
1317359606.695079088
1317359608.250345945
1317359609.805315971
1317359611.361257076
1317359612.917315959
1317359614.473431110
1317359616.029521942
1317359552.218053102
1317359574.009330987
1317359595.800527095
1317359617.585232019
1317359639.383197069
1317359661.176680088
1317359619.244365930
1317359619.348068952
1317359619.451770067
1317359619.555495023
1317359619.659224033
1317359619.762949943
1317359619.866676092
1317359619.970405101
1317359620.074107885
1317359620.177786111
1317359620.281465053
1317359620.385165929
1317359620.488888978
1317359620.592595100
1317359620.799979925
1317359620.903729915
1317359621.007502079
1317359621.111277103
1317359621.215051889
1317359621.318829059
1317359621.422554969
1317359621.526257991
1317359621.629985094
1317359621.733685016
1317359621.837388992
1317359621.941112995
1317359622.044842004
1317359622.148595094
1317359622.356045961
1317359622.459769964
1317359622.563548088
1317359622.667325973
1317359622.771100997
1317359622.874897956
1317359622.978718996
1317359623.082540035
1317359623.186362028
1317359623.290184974
1317359623.394009113
1317359623.497807979
1317359623.601607084
1317359623.705430030
1317359623.913146018
1317359624.016993045
1317359624.120841026
1317359624.224687099
1317359624.328510046
1317359624.432332038
1317359624.536130905
1317359624.639930009
1317359624.743727922
1317359624.847528934
1317359624.951351881
1317359625.055174112
1317359625.159019947
1317359625.262890100
1317359625.470634937
1317359625.574529886
1317359625.678447961
1317359625.782365083
1317359625.886284112
1317359625.990202903
1317359626.094122886
1317359626.198040962
1317359626.301983118
1317359626.405925035
1317359626.509865999
1317359626.613857984
1317359626.717875957
1317359626.821912050
1317359627.030111074
1317359627.134246110
1317359627.238429069
1317359627.342611074
1317359627.446769952
1317359627.550929069
1317359627.655038118
1317359627.759124040
1317359627.863190889
1317359627.967207908
1317359628.071243047
1317359628.175281047
1317359628.279295921
1317359628.383263111
1317359628.591028928
1317359628.694804906
1317359628.798552989
1317359628.902257919
1317359629.005913019
1317359629.109540939
1317359629.213219881
1317359629.316946983
1317359629.420672893
1317359629.524399042
1317359629.628150939
1317359629.731926918
1317359629.835725069
1317359629.939569950
1317359630.147387027
1317359630.251328945
1317359630.355319023
1317359630.459309101
1317359630.563296079
1317359630.667285919
1317359630.771280050
1317359630.875269889
1317359630.979239940
1317359631.083194971
1317359631.187112092
1317359631.290971040
1317359631.394769906
1317359631.498544931
1317359631.706022024
1317359631.809724092
1317359631.913402080
1317359632.017106056
1317359632.120834112
1317359632.224585056
1317359632.328361988
1317359632.432161092
1317359632.535981893
1317359632.639805078
1317359632.743628978
1317359632.847450017
1317359632.951271057
1317359633.055119037
1317359633.262789011
1317359633.366585969
1317359633.470360040
1317359633.574110031
1317359633.677836894
1317359633.781563997
1317359633.885267019
1317359633.988970994
1317359634.092724084
1317359634.196450948
1317359634.300153970
1317359634.403881072
1317359634.507584095
1317359634.611259937
1317359634.818615913
1317359634.922293901
1317359635.025998115
1317359635.129725933
1317359635.233453035
1317359635.337156057
1317359635.440881013
1317359635.544608116
1317359635.648335933
1317359635.752087116
1317359635.855839014
1317359635.959589004
1317359636.063338041
1317359636.167110919
1317359636.374655008
1317359636.478399991
1317359636.585244894
1317359636.688992023
1317359636.789644956
1317359636.893444061
1317359636.997216939
1317359637.100948095
1317359637.204683065
1317359637.308427095
1317359637.412200927
1317359637.515954017
1317359637.619700908
1317359637.723452091
1317359637.930929899
1317359638.034682035
1317359638.138411998
1317359638.242136955
1317359638.345860958
1317359638.449563980
1317359638.553272008
1317359638.656975030
1317359638.760673046
1317359638.864422082
1317359638.968175888
1317359639.071923971
1317359639.175677061
1317359639.279443979
1317359639.486969947
1317359639.590764045
1317359639.694562911
1317359639.798362016
1317359639.902129888
1317359640.005904912
1317359640.109661102
1317359640.213422060
1317359640.317176103
1317359640.420917987
1317359640.524692058
1317359640.628464937
1317359640.732214927
1317359640.835992097
1317359619.140661954
1317359620.696274995
1317359622.252345085
1317359623.809276103
1317359625.366760969
1317359626.925997972
1317359628.487179040
1317359630.043466091
1317359631.602296113
1317359633.158966064
1317359634.714937925
1317359636.270886898
1317359637.827183961
1317359641.043539047
1317359641.147313117
1317359641.251100063
1317359641.354907035
1317359641.458707094
1317359641.562508106
1317359641.666307926
1317359641.770097970
1317359641.873894929
1317359641.977669954
1317359642.081420898
1317359642.185158014
1317359642.289073944
1317359642.392801046
1317359642.600032091
1317359642.703779935
1317359642.807508945
1317359642.911258935
1317359643.015014886
1317359643.118765115
1317359643.222533941
1317359643.326308965
1317359643.430108070
1317359643.533909082
1317359643.637682914
1317359643.741508960
1317359643.845309972
1317359643.949064016
1317359644.156685113
1317359644.260534048
1317359644.364428043
1317359644.468343973
1317359644.572277069
1317359644.676270008
1317359644.780313968
1317359644.884399890
1317359644.988514900
1317359645.092674970
1317359645.196872949
1317359645.301103115
1317359645.405359983
1317359645.509618043
1317359645.718107938
1317359645.822321891
1317359645.926506996
1317359646.030633926
1317359646.134715080
1317359646.238775014
1317359646.342834949
1317359646.446872949
1317359646.550887107
1317359646.654877901
1317359646.758830070
1317359646.862756967
1317359646.966622114
1317359647.070432901
1317359647.277875900
1317359647.381556034
1317359647.485234022
1317359647.588885068
1317359647.692491054
1317359647.796122074
1317359647.899791002
1317359648.003464937
1317359648.107141971
1317359648.210819959
1317359648.314451932
1317359648.418024063
1317359648.521595001
1317359648.625221014
1317359648.832580089
1317359648.936280012
1317359649.040007114
1317359649.143712043
1317359649.247416973
1317359649.351166009
1317359649.454914093
1317359649.558665990
1317359649.662445068
1317359649.766194105
1317359649.869919061
1317359649.973623037
1317359650.077327013
1317359650.181052923
1317359650.388433933
1317359650.492111921
1317359650.595789909
1317359650.699467897
1317359650.803172111
1317359650.906874895
1317359651.010552883
1317359651.114232063
1317359651.217911958
1317359651.321564912
1317359651.425220012
1317359651.528875112
1317359651.632529020
1317359651.736207962
1317359651.943686962
1317359652.047435045
1317359652.151209115
1317359652.254961967
1317359652.358712911
1317359652.462464094
1317359652.566214084
1317359652.669991016
1317359652.773741006
1317359652.877513885
1317359652.981313943
1317359653.085110902
1317359653.188956975
1317359653.292830944
1317359653.500617980
1317359653.604464054
1317359653.708287954
1317359653.812112092
1317359653.915911912
1317359654.019711017
1317359654.123509883
1317359654.227308034
1317359654.331131935
1317359654.434953927
1317359654.538750886
1317359654.642548084
1317359654.746345996
1317359654.850122928
1317359655.057622909
1317359655.161372900
1317359655.265125036
1317359655.368901014
1317359655.472675085
1317359655.576447963
1317359655.680223941
1317359655.783977985
1317359655.887726068
1317359655.991452932
1317359656.095158100
1317359656.198858976
1317359656.302558898
1317359656.406263113
1317359656.613740921
1317359656.717443943
1317359656.821150064
1317359656.924851894
1317359657.028552055
1317359657.132277965
1317359657.236005067
1317359657.339732885
1317359657.443435907
1317359657.547115087
1317359657.650818109
1317359657.754544019
1317359657.858247041
1317359657.961951971
1317359658.169380903
1317359658.273058891
1317359658.376713991
1317359658.480367898
1317359658.584023952
1317359658.687702894
1317359658.791407108
1317359658.895086050
1317359658.998764991
1317359659.102442979
1317359659.206120014
1317359659.309798955
1317359659.413477897
1317359659.517133951
1317359659.724536895
1317359659.828265905
1317359659.931993961
1317359660.035717964
1317359660.139446973
1317359660.243196964
1317359660.346970081
1317359660.450720071
1317359660.554450035
1317359660.658154964
1317359660.761856079
1317359660.865556955
1317359660.969258069
1317359661.072978019
1317359661.280365943
1317359661.384093999
1317359661.487847089
1317359661.591597080
1317359661.695370912
1317359661.799123048
1317359661.902851104
1317359662.006551027
1317359662.110253095
1317359662.213980913
1317359662.317684888
1317359662.421386003
1317359662.525089025
1317359662.628767013
1317359640.939780950
1317359642.496315002
1317359644.052860975
1317359645.613873004
1317359647.174185037
1317359648.728899955
1317359650.284754991
1317359651.839935064
1317359653.396723985
1317359654.953874111
1317359656.509993076
1317359658.065680027
1317359659.620811939
1317359662.836147069
1317359662.939851999
1317359663.043555021
1317359663.147258043
1317359663.250961065
1317359663.354666948
1317359663.458319902
1317359663.561971902
1317359663.665651082
1317359663.769331932
1317359663.873034954
1317359663.976758956
1317359664.080461978
1317359664.184165000
1317359664.391547918
1317359664.495248079
1317359664.598973035
1317359664.702676057
1317359664.806354999
1317359664.910057067
1317359665.013762950
1317359665.117465972
1317359665.221215009
1317359665.324965953
1317359665.428716897
1317359665.532493114
1317359665.636266946
1317359665.740041017
1317359665.947567939
1317359666.051295042
1317359666.155021905
1317359666.258723020
1317359666.362425088
1317359666.466104984
1317359666.569782972
1317359666.673487901
1317359666.777167081
1317359666.880868911
1317359666.984595060
1317359667.088346958
1317359667.192097902
1317359667.295824050
1317359667.503277063
1317359667.606981039
1317359667.710659980
1317359667.814387083
1317359667.918138027
1317359668.021838903
1317359668.125514030
1317359668.229192972
1317359668.332874059
1317359668.436553955
1317359668.540256977
1317359668.643984079
1317359668.747710943
1317359668.851460933
1317359669.059017896
1317359669.162808895
1317359669.266606092
1317359669.370356082
1317359669.474107980
1317359669.577886104
1317359669.681659936
1317359669.785430908
1317359669.889182090
1317359669.992935895
1317359670.096688032
1317359670.200413942
1317359670.304140090
1317359670.407866001
1317359670.615320920
1317359670.719048976
1317359670.822751045
1317359670.926451921
1317359671.030153989
1317359671.133833885
1317359671.237517118
1317359671.341219902
1317359671.444942951
1317359671.548667907
1317359671.652395963
1317359671.756148099
1317359671.859896898
1317359671.963598966
1317359672.171005010
1317359672.274707078
1317359672.378436088
1317359672.482137918
1317359672.585865974
1317359672.689615964
1317359672.793390989
1317359672.897190093
1317359673.000940084
1317359673.104643106
1317359673.208322048
1317359673.312000989
1317359673.415653944
1317359673.519309997
1317359673.726619958
1317359673.830276012
1317359673.933955907
1317359674.037657976
1317359674.141360044
1317359674.245062112
1317359674.348762035
1317359674.452466964
1317359674.556123018
1317359674.659776926
1317359674.763457059
1317359674.867157936
1317359674.970860004
1317359675.074537992
1317359675.282018899
1317359675.385791063
1317359675.489587068
1317359675.593364000
1317359675.697138071
1317359675.800887107
1317359675.904639005
1317359676.008390903
1317359676.112117052
1317359676.215842008
1317359676.319545030
1317359676.423223972
1317359676.526905059
1317359676.630584955
1317359676.837944030
1317359676.941646099
1317359677.045346975
1317359677.149024963
1317359677.252706050
1317359677.356409072
1317359677.460109949
1317359677.563812971
1317359677.667515993
1317359677.771195888
1317359677.874923944
1317359677.978673934
1317359678.082375049
1317359678.186053991
1317359678.393459081
1317359678.497211933
1317359678.600939989
1317359678.704672098
1317359678.808397054
1317359678.912117004
1317359679.015845060
1317359679.119574069
1317359679.223300933
1317359679.327003002
1317359679.430679082
1317359679.534333944
1317359679.637989997
1317359679.741693019
1317359679.949143886
1317359680.052871942
1317359680.156575918
1317359680.260252952
1317359680.363955974
1317359680.467683076
1317359680.571413993
1317359680.675165891
1317359680.778913021
1317359680.882636070
1317359680.986339092
1317359681.090018033
1317359681.193696975
1317359681.297375917
1317359681.504760026
1317359681.608462095
1317359681.712163925
1317359681.815891027
1317359681.919617891
1317359682.023344039
1317359682.127069950
1317359682.230798006
1317359682.334547996
1317359682.438301086
1317359682.542028903
1317359682.645754098
1317359682.749459028
1317359682.853162050
1317359683.060540914
1317359683.164220094
1317359683.267896890
1317359683.371550083
1317359683.475179910
1317359683.578834056
1317359683.682514905
1317359683.786194086
1317359683.889895915
1317359683.993623971
1317359684.097327947
1317359684.201030015
1317359684.304733037
1317359684.408435106
1317359662.732444047
1317359664.287868976
1317359665.843817949
1317359667.399550914
1317359668.955243110
1317359670.511593103
1317359672.067302942
1317359673.622966051
1317359675.178265094
1317359676.734263896
1317359678.289732933
1317359679.845417976
1317359681.401055097
1317359682.956860065
1317359684.512162923
1317359686.070533990
1317359687.632510900
1317359689.190329074
1317359690.745078086
1317359692.300404071
1317359693.856141090
1317359684.615889072
1317359684.719613075
1317359684.823339939
1317359684.927090883
1317359685.030891895
1317359685.134716033
1317359685.238560914
1317359685.342456102
1317359685.446374893
1317359685.550292968
1317359685.654258966
1317359685.758274078
1317359685.862314939
1317359685.966399908
1317359686.174695014
1317359686.278851985
1317359686.382987022
1317359686.487123012
1317359686.591279983
1317359686.695389986
1317359686.799478054
1317359686.903614044
1317359687.007771968
1317359687.111931085
1317359687.216116905
1317359687.320275068
1317359687.424385070
1317359687.528472900
1317359687.736526012
1317359687.840492010
1317359687.944411039
1317359688.048329114
1317359688.152223110
1317359688.256093978
1317359688.359940052
1317359688.463762998
1317359688.567588090
1317359688.671411037
1317359688.775229930
1317359688.879029989
1317359688.982804059
1317359689.086577892
1317359689.294055938
1317359689.397782087
1317359689.501487016
1317359689.605190992
1317359689.708868026
1317359689.812521934
1317359689.916178941
1317359690.019787073
1317359690.123368978
1317359690.226975917
1317359690.330580949
1317359690.434189081
1317359690.537820100
1317359690.641447067
1317359690.848685979
1317359690.952270984
1317359691.055879116
1317359691.159508943
1317359691.263185024
1317359691.366888046
1317359691.470593929
1317359691.574321031
1317359691.678044080
1317359691.781770944
1317359691.885498046
1317359691.989198923
1317359692.092902898
1317359692.196655035
1317359692.404130935
1317359692.507859945
1317359692.611587047
1317359692.715287923
1317359692.818991899
1317359692.922696113
1317359693.026372909
1317359693.130075931
1317359693.233804941
1317359693.337507963
1317359693.441210031
1317359693.544913053
1317359693.648641109
1317359693.752392053
1317359693.959916114
1317359694.063666105
1317359694.167396068
1317359694.271148920
1317359694.374895095
1317359694.478595018
1317359694.582298040
1317359694.686026096
1317359694.789752960
1317359694.893479108
1317359694.997205972
1317359695.100908041
1317359695.204610109
1317359695.308315038
1317359695.411994934
1317359695.515676021
1317359695.619354009
1317359695.723030090
1317359695.826733112
xxx
