1317617734.934674978
1317617735.038321971
1317617735.142014980
1317617735.245707035
1317617735.349375963
1317617735.453071117
1317617735.556761026
1317617735.660429954
1317617735.764103889
1317617735.867794990
1317617735.971513032
1317617736.075207948
1317617736.178877115
1317617736.282569885
1317617736.489933013
1317617736.593601942
1317617736.697271108
1317617736.800940990
1317617736.904607057
1317617737.008270025
1317617737.111942052
1317617737.215615987
1317617737.319283962
1317617737.422952890
1317617737.526637077
1317617737.630352020
1317617737.734055042
1317617737.837724924
1317617738.045017004
1317617738.148685932
1317617738.252331018
1317617738.355951070
1317617738.459567070
1317617738.563189983
1317617738.666814088
1317617738.770458936
1317617738.874104022
1317617738.977744102
1317617739.081413030
1317617739.185111045
1317617739.288829088
1317617739.392546892
1317617739.599884033
1317617739.703504085
1317617739.807147026
1317617739.910816907
1317617740.014487981
1317617740.118132114
1317617740.221776008
1317617740.325445890
1317617740.429141998
1317617740.532831907
1317617740.636503934
1317617740.740175962
1317617740.843837022
1317617740.947505950
1317617736.386262893
1317617737.941370010
1317617739.496241092
1317617741.051178932
1317617742.606071949
1317617744.161179065
1317617745.719290018
1317617747.275213003
1317617748.828402996
1317617750.383248090
1317617751.938572883
1317617753.493990898
1317617755.047877073
1317617741.154849052
1317617741.258542060
1317617741.362260103
1317617741.465951919
1317617741.569619894
1317617741.673290967
1317617741.776963949
1317617741.880633115
1317617741.984299898
1317617742.087945938
1317617742.191564083
1317617742.295183897
1317617742.398783922
1317617742.502405881
1317617742.709739923
1317617742.813420057
1317617742.917061090
1317617743.020720958
1317617743.124413967
1317617743.228085994
1317617743.331758975
1317617743.435401916
1317617743.539047002
1317617743.642738103
1317617743.746407032
1317617743.850080013
1317617743.953773021
1317617744.057465076
1317617744.264895915
1317617744.368616104
1317617744.472357034
1317617744.576147079
1317617744.679958105
1317617744.783792972
1317617744.887655973
1317617744.991519927
1317617745.095402956
1317617745.199335098
1317617745.303291082
1317617745.407252073
1317617745.511236906
1317617745.615262031
1317617745.823299884
1317617745.927282094
1317617746.031233072
1317617746.135143041
1317617746.238980054
1317617746.342768907
1317617746.446510076
1317617746.550203084
1317617746.653851032
1317617746.757472991
1317617746.861089944
1317617746.964665889
1317617747.068216085
1317617747.171739101
1317617747.378691911
1317617747.482193946
1317617747.585694074
1317617747.689172029
1317617747.792671918
1317617747.896197080
1317617747.999722957
1317617748.103272914
1317617748.206845998
1317617748.310417890
1317617748.414016008
1317617748.517611980
1317617748.621184110
1317617748.724782943
1317617748.932045936
1317617749.035716056
1317617749.139363050
1317617749.243007898
1317617749.346700906
1317617749.450387954
1317617749.554033994
1317617749.657661914
1317617749.761280059
1317617749.864902019
1317617749.968549966
1317617750.072216033
1317617750.175884008
1317617750.279555082
1317617750.486941099
1317617750.590634107
1317617750.694375038
1317617750.798089981
1317617750.901782989
1317617751.005477905
1317617751.109147071
1317617751.212815999
1317617751.316462039
1317617751.420105934
1317617751.523775100
1317617751.627444028
1317617751.731137037
1317617751.834855079
1317617752.042314052
1317617752.146078109
1317617752.249842882
1317617752.353585004
1317617752.457278013
1317617752.560940980
1317617752.664609909
1317617752.768261909
1317617752.871906995
1317617752.975574970
1317617753.079242944
1317617753.182934999
1317617753.286628961
1317617753.390321969
1317617753.597615003
1317617753.701246976
1317617753.804871082
1317617753.908480882
1317617754.012103080
1317617754.115725040
1317617754.219341993
1317617754.322962999
1317617754.426561117
1317617754.530133962
1317617754.633697032
1317617754.737245082
1317617754.840778112
1317617754.944329023
1317617755.151401996
1317617755.254901885
1317617755.358357906
1317617755.461834907
1317617755.565335035
1317617755.668812990
1317617755.772289991
1317617755.875742912
1317617755.979171037
1317617756.082632064
1317617756.186131954
1317617756.289674043
1317617756.393249034
1317617756.496854066
1317617756.704111099
1317617756.807805061
1317617756.911523103
1317617757.015297889
1317617757.119158029
1317617757.223079919
1317617757.327080011
1317617757.431108951
1317617757.535170078
1317617757.639296054
1317617757.743417978
1317617757.847517967
1317617757.951596021
1317617758.055649042
1317617758.263684034
1317617758.367665052
1317617758.471575021
1317617758.575437068
1317617758.679311990
1317617758.783124923
1317617758.886852025
1317617758.990567922
1317617759.094261884
1317617759.197906017
1317617759.301553964
1317617759.405199050
1317617759.508819103
1317617759.612440109
1317617759.819751977
1317617759.923398017
1317617760.027045011
1317617760.130687952
1317617760.234329938
1317617760.337974071
1317617760.441622018
1317617760.545315980
1317617760.649008035
1317617760.752677917
1317617760.856370925
1317617760.960066080
1317617761.063734054
1317617761.167402029
1317617761.374816894
1317617761.478512048
1317617761.582156896
1317617761.685796022
1317617761.789464950
1317617761.893109083
1317617761.996754884
1317617762.100424051
1317617762.204093933
1317617762.307786941
1317617762.411453962
1317617762.515100002
1317617762.618746042
1317617762.722364902
1317617762.929687023
1317617763.033308982
1317617763.136925935
1317617763.240597009
1317617763.344264030
1317617763.447905063
1317617763.551549911
1317617763.655220031
1317617763.758915901
1317617763.862608909
1317617763.966275930
1317617764.069946050
1317617764.173590898
1317617764.277188062
1317617764.484432935
1317617764.588093996
1317617764.691785097
1317617764.795519113
1317617764.899235963
1317617765.002918004
1317617765.106610059
1317617765.210328102
1317617765.314029932
1317617765.417697906
1317617765.521359920
1317617765.625030040
1317617765.728698968
1317617765.832369089
1317617766.039659976
1317617766.143326997
1317617766.246998071
1317617766.350668907
1317617766.454335927
1317617766.557982921
1317617766.661627054
1317617766.765316963
1317617766.869009971
1317617766.972676992
1317617767.076323986
1317617767.179972887
1317617767.283616065
1317617767.387260913
1317617767.594696998
1317617767.698438882
1317617767.802131891
1317617767.905817031
1317617768.009531974
1317617768.113255023
1317617768.216972112
1317617768.320687055
1317617768.424427986
1317617768.528146028
1317617768.631864070
1317617768.735606908
1317617768.839323997
1317617768.943064928
1317617769.150507926
1317617769.254223108
1317617769.357948064
1317617769.461652994
1317617769.565298080
1317617769.668917894
1317617769.772562026
1317617769.876230955
1317617769.979901075
1317617770.083571910
1317617770.187216997
1317617770.290860891
1317617770.394532918
1317617770.498226881
1317617770.705657958
1317617770.809349060
1317617770.913018941
1317617771.016710996
1317617771.120433092
1317617771.224131107
1317617771.327820062
1317617771.431533098
1317617771.535247087
1317617771.638964891
1317617771.742682933
1317617771.846400976
1317617771.950117111
1317617772.053812980
1317617772.261203050
1317617772.364871978
1317617772.468513011
1317617772.572138071
1317617772.675786972
1317617772.779452085
1317617772.883116006
1317617772.986759901
1317617773.090379953
1317617773.193977117
1317617773.297576904
1317617773.401223897
1317617773.504868030
1317617773.608513116
1317617773.815753936
1317617773.919353961
1317617774.022999048
1317617774.126642942
1317617774.230288028
1317617774.333980083
1317617774.437696933
1317617774.541389942
1317617774.645083904
1317617774.748801946
1317617774.852494001
1317617774.956162929
1317617775.059859037
1317617775.163575887
1317617775.370982885
1317617775.474674940
1317617775.578365087
1317617775.682035923
1317617775.785731077
1317617775.889422893
1317617775.993114948
1317617776.096826076
1317617776.200520992
1317617776.304209947
1317617776.407879114
1317617776.511534929
1317617776.615180969
1317617776.718776941
1317617776.925901889
1317617777.029464006
1317617777.133008003
1317617777.236519098
1317617777.340046882
1317617777.443567037
1317617777.547070980
1317617777.650531053
1317617777.753974914
1317617777.857426881
1317617777.960890054
1317617778.064364910
1317617778.167845964
1317617778.271328926
1317617778.478338956
1317617778.581887006
1317617778.685486078
1317617778.789132118
1317617778.892806053
1317617778.996500968
1317617779.100192070
1317617779.203830957
1317617779.307477951
1317617779.411150932
1317617779.514842987
1317617779.618585109
1317617779.722373008
1317617779.826186895
1317617758.159677982
1317617759.716082096
1317617761.271100044
1317617762.826009988
1317617764.380785942
1317617765.936016082
1317617767.490956068
1317617769.046797037
1317617770.601942062
1317617772.157505989
1317617773.712157011
1317617775.267290115
1317617776.822350978
1317617780.033833980
1317617780.137696981
1317617780.241580963
1317617780.345479965
1317617780.449390888
1317617780.553332090
1317617780.657277107
1317617780.761235952
1317617780.865228891
1317617780.969211101
1317617781.073165893
1317617781.177098989
1317617781.281085014
1317617781.384993076
1317617781.592592954
1317617781.696407079
1317617781.800190925
1317617781.903954029
1317617782.007699012
1317617782.111417055
1317617782.215111970
1317617782.318804025
1317617782.422497034
1317617782.526165008
1317617782.629832983
1317617782.733478069
1317617782.837095022
1317617782.940740108
1317617783.148015022
1317617783.251635074
1317617783.355225086
1317617783.458838939
1317617783.562489986
1317617783.666157007
1317617783.769803047
1317617783.873425960
1317617783.977087020
1317617784.080786943
1317617784.184489965
1317617784.288184881
1317617784.391876935
1317617784.495568990
1317617784.702981948
1317617784.806649923
1317617784.910340070
1317617785.014033079
1317617785.117702007
1317617785.221369981
1317617785.325014114
1317617785.428658962
1317617785.532330036
1317617785.635999917
1317617785.739669084
1317617785.843336105
1317617785.947005987
1317617786.050652980
1317617786.258014917
1317617786.361684083
1317617786.465353012
1317617786.569020986
1317617786.672715902
1317617786.776407957
1317617786.880086898
1317617786.983781099
1317617787.087488889
1317617787.191180944
1317617787.294864892
1317617787.398560047
1317617787.502250909
1317617787.605931997
1317617787.813271045
1317617787.916914939
1317617788.020540952
1317617788.124197006
1317617788.227870941
1317617788.331540107
1317617788.435209035
1317617788.538877964
1317617788.642522096
1317617788.746131896
1317617788.849772930
1317617788.953447103
1317617789.057122945
1317617789.160801887
1317617789.368160963
1317617789.471817970
1317617789.575437068
1317617789.679069042
1317617789.782716035
1317617789.886360883
1317617789.989969968
1317617790.093580007
1317617790.197237968
1317617790.300942897
1317617790.404633998
1317617790.508304119
1317617790.611948013
1317617790.715586900
1317617790.922899007
1317617791.026549100
1317617791.130199909
1317617791.233820915
1317617791.337443113
1317617791.441049098
1317617791.544646978
1317617791.648276090
1317617791.751918077
1317617791.855557918
1317617791.959216117
1317617792.062896013
1317617792.166567087
1317617792.270226955
1317617792.477525949
1317617792.581197977
1317617792.684870004
1317617792.788542032
1317617792.892209053
1317617792.995882987
1317617793.099551916
1317617793.203197002
1317617793.306864976
1317617793.410557031
1317617793.514226913
1317617793.617897033
1317617793.721565008
1317617793.825257062
1317617794.032649993
1317617794.136363029
1317617794.240077018
1317617794.343820095
1317617794.447587013
1317617794.551351070
1317617794.655137062
1317617794.758927106
1317617794.862715959
1317617794.966553926
1317617795.070390939
1317617795.174204111
1317617795.278040885
1317617795.381855010
1317617795.589436054
1317617795.693202018
1317617795.796963930
1317617795.900679111
1317617796.004323005
1317617796.107945919
1317617796.211568117
1317617796.315164089
1317617796.418737888
1317617796.522288084
1317617796.625787973
1317617796.729266881
1317617796.832719087
1317617796.936125040
1317617797.142838954
1317617797.246195077
1317617797.349575996
1317617797.453008890
1317617797.556461095
1317617797.659934997
1317617797.763437032
1317617797.866965055
1317617797.970513105
1317617798.074106931
1317617798.177706956
1317617798.281305074
1317617798.384924888
1317617798.488594055
1317617798.695980072
1317617798.799673080
1317617798.903342962
1317617799.007014036
1317617799.110660076
1317617799.214308023
1317617799.317975044
1317617799.421622991
1317617799.525294065
1317617799.628978013
1317617799.732647895
1317617799.836318016
1317617799.939985990
1317617800.043657064
1317617800.250972032
1317617800.354588985
1317617800.458210945
1317617800.561810016
1317617800.665429115
1317617800.769073963
1317617800.872698068
1317617800.976317882
1317617801.079962015
1317617801.183608055
1317617801.287228107
1317617801.390873908
1317617801.494541883
1317617801.598208904
1317617779.929996967
1317617781.488779067
1317617783.044393062
1317617784.599287033
1317617786.154321908
1317617787.709599018
1317617789.264468908
1317617790.819255113
1317617792.373869895
1317617793.928953886
1317617795.485644102
1317617797.039484024
1317617798.592287063
1317617801.805573940
1317617801.909266948
1317617802.012934923
1317617802.116605043
1317617802.220278024
1317617802.323925018
1317617802.427567005
1317617802.531234025
1317617802.634877920
1317617802.738523960
1317617802.842194080
1317617802.945861101
1317617803.049529075
1317617803.153198957
1317617803.360544919
1317617803.464207887
1317617803.567878007
1317617803.671521902
1317617803.775191068
1317617803.878882884
1317617803.982553005
1317617804.086216926
1317617804.189886093
1317617804.293560981
1317617804.397228956
1317617804.500897884
1317617804.604568004
1317617804.708236932
1317617804.915575981
1317617805.019246101
1317617805.122936010
1317617805.226628065
1317617805.330298900
1317617805.433944940
1317617805.537590026
1317617805.641258955
1317617805.744904041
1317617805.848526000
1317617805.952171087
1317617806.055814027
1317617806.159434080
1317617806.263056993
1317617806.470344066
1317617806.573967933
1317617806.677591085
1317617806.781208992
1317617806.884829998
1317617806.988473892
1317617807.092119932
1317617807.195766925
1317617807.299412012
1317617807.403009891
1317617807.506629943
1317617807.610275030
1317617807.713944911
1317617807.817636013
1317617808.025048017
1317617808.128739118
1317617808.232409954
1317617808.336080074
1317617808.439748048
1317617808.543416976
1317617808.647085905
1317617808.750755071
1317617808.854424953
1317617808.958093881
1317617809.061764001
1317617809.165432929
1317617809.269103050
1317617809.372723102
1317617809.579937934
1317617809.683561086
1317617809.787159919
1317617809.890711069
1317617809.994257926
1317617810.097783088
1317617810.201286077
1317617810.304785013
1317617810.408260107
1317617810.511737108
1317617810.615168094
1317617810.718575954
1317617810.821979999
1317617810.925385951
1317617811.132288932
1317617811.235743999
1317617811.339217901
1317617811.442696094
1317617811.546174049
1317617811.649672985
1317617811.753200054
1317617811.856749057
1317617811.960299015
1317617812.063844919
1317617812.167418956
1317617812.271018028
1317617812.374639987
1317617812.478286981
1317617812.685691118
1317617812.789513111
1317617812.893373966
1317617812.997302055
1317617813.101329088
1317617813.205430030
1317617813.309555053
1317617813.413728952
1317617813.517904996
1317617813.622051000
1317617813.726166963
1317617813.830244064
1317617813.934283018
1317617814.038239955
1317617814.246016025
1317617814.349807977
1317617814.453564882
1317617814.557303905
1317617814.661022901
1317617814.764717102
1317617814.868386030
1317617814.972050905
1317617815.075720071
1317617815.179389953
1317617815.283058881
1317617815.386728048
1317617815.490372896
1317617815.594019889
1317617815.801336050
1317617815.904957056
1317617816.008599996
1317617816.112232923
1317617816.215904951
1317617816.319586038
1317617816.423204898
1317617816.526823997
1317617816.630448102
1317617816.734067916
1317617816.837685108
1317617816.941284894
1317617817.044907093
1317617817.148575067
1317617817.355916023
1317617817.459583044
1317617817.563249111
1317617817.666941881
1317617817.770637989
1317617817.874627113
1317617817.978343963
1317617818.081737995
1317617818.185432910
1317617818.289132118
1317617818.392775058
1317617818.496418952
1317617818.600086927
1317617818.703783035
1317617818.911096096
1317617819.014741897
1317617819.118386983
1317617819.222057104
1317617819.325707912
1317617819.429352045
1317617819.533015966
1317617819.636663913
1317617819.740286111
1317617819.843928098
1317617819.947570085
1317617820.051213026
1317617820.154913902
1317617820.258584022
1317617820.465894937
1317617820.569536924
1317617820.673187017
1317617820.776856899
1317617820.880502939
1317617820.984122037
1317617821.087760925
1317617821.191421031
1317617821.295068025
1317617821.398722887
1317617821.502392053
1317617821.606086015
1317617821.709779024
1317617821.813447952
1317617822.020780086
1317617822.124453067
1317617822.228148937
1317617822.331840038
1317617822.435534000
1317617822.539230108
1317617822.642894029
1317617822.746566057
1317617822.850263118
1317617822.953953027
1317617823.057624101
1317617823.161292076
1317617823.264961957
1317617823.368659973
1317617801.701879024
1317617803.256875991
1317617804.811906099
1317617806.366700887
1317617807.921330928
1317617809.476317882
1317617811.028836965
1317617812.581952095
1317617814.142148971
1317617815.697690963
1317617817.252247095
1317617818.807452917
1317617820.362226009
1317617756.600474119
1317617778.374824047
1317617800.147329092
1317617821.917113065
1317617843.687393903
1317617865.458554983
1317617887.225562095
1317617908.991486072
1317617930.758312940
1317617952.525753021
1317617974.293050050
1317617996.059350967
1317618017.827838897
1317618039.593334913
1317618061.360558032
1317618083.124337911
1317618104.884337902
1317618126.652189970
1317618148.415457010
1317618170.176037073
1317617823.576042890
1317617823.679779052
1317617823.783497095
1317617823.887187004
1317617823.990880966
1317617824.094527959
1317617824.198173999
1317617824.301841974
1317617824.405512094
1317617824.509181022
1317617824.612869024
1317617824.716587066
1317617824.820281982
1317617824.923957109
1317617825.131361961
1317617825.235055923
1317617825.338747978
1317617825.442440032
1317617825.546082973
1317617825.649749994
1317617825.753397941
1317617825.857000112
1317617825.960621118
1317617826.064240932
1317617826.167838096
1317617826.271434068
1317617826.375077962
1317617826.478724956
1317617826.686013936
1317617826.789661884
1317617826.893306970
1317617826.996932029
1317617827.100552082
1317617827.204169034
1317617827.307815074
1317617827.411463022
1317617827.515109062
1317617827.618750095
1317617827.722372055
1317617827.825968980
1317617827.929543018
1317617828.033137083
1317617828.240381002
1317617828.344023942
1317617828.447693109
1317617828.551362037
1317617828.655030965
1317617828.758706092
1317617828.862397909
1317617828.966056108
1317617829.069689989
1317617829.173365116
1317617829.277069091
1317617829.380785942
1317617829.484507083
1317617829.588200092
1317617829.795512914
1317617829.899159908
1317617830.002830028
1317617830.106496095
1317617830.210139036
1317617830.313786029
1317617830.417433977
1317617830.521079063
1317617830.624746084
1317617830.728390932
1317617830.832011938
1317617830.935657978
1317617831.039304018
1317617831.142949104
1317617831.350240945
1317617831.453886032
1317617831.557527065
1317617831.661170005
1317617831.764791011
1317617831.868415117
1317617831.972037076
1317617832.075659036
1317617832.179239034
1317617832.282737970
1317617832.386184930
1317617832.489614009
1317617832.593018054
1317617832.696399927
1317617832.903142929
1317617833.006500959
1317617833.109877109
1317617833.213305950
1317617833.316759109
1317617833.420212030
1317617833.523689031
1317617833.627165079
1317617833.730695009
1317617833.834273099
1317617833.938076972
1317617834.041719913
1317617834.145153999
1317617834.248822927
1317617834.456279993
1317617834.560098886
1317617834.664005994
1317617834.768006086
1317617834.872064113
1317617834.976165056
1317617835.080285072
1317617835.184360980
1317617835.288392066
1317617835.392355918
1317617835.496241092
1317617835.600120067
1317617835.704005002
1317617835.807841062
1317617836.015513896
1317617836.119282007
1317617836.223001003
1317617836.326690912
1317617836.430356025
1317617836.534024000
1317617836.637722015
1317617836.741447925
1317617836.845163106
1317617836.948895931
1317617837.052639961
1317617837.156367063
1317617837.260086059
1317617837.363792896
1317617837.571177005
1317617837.674870014
1317617837.778512001
1317617837.882155895
1317617837.985829114
1317617838.089498996
1317617838.193169116
1317617838.296813964
1317617838.400435924
1317617838.504081010
1317617838.607726097
1317617838.711345911
1317617838.814966917
1317617838.918586969
1317617839.125845909
1317617839.229523897
1317617839.333190917
1317617839.436857938
1317617839.540504932
1317617839.644128084
1317617839.747773885
1317617839.851417064
1317617839.955061912
1317617840.058729887
1317617840.162377119
1317617840.266021966
1317617840.369666099
1317617840.473310947
1317617840.680651903
1317617840.784320116
1317617840.887988090
1317617840.991657972
1317617841.095326900
1317617841.198993921
1317617841.302663087
1317617841.406357049
1317617841.510051012
1317617841.613713979
1317617841.717382907
1317617841.821057081
1317617841.924726009
1317617842.028371095
1317617842.235639095
1317617842.339308023
1317617842.442975044
1317617842.546646118
1317617842.650338888
1317617842.754054069
1317617842.857747077
1317617842.961468935
1317617843.065185070
1317617843.168879032
1317617843.272576093
1317617843.376266956
1317617843.479981899
1317617843.583703041
1317617843.791059017
1317617843.894727945
1317617843.998377084
1317617844.102024078
1317617844.205646991
1317617844.309242963
1317617844.412833929
1317617844.516432046
1317617844.620028018
1317617844.723643064
1317617844.827290058
1317617844.930964946
1317617845.034630060
1317617845.138273954
1317617823.472356081
1317617825.027650117
1317617826.582370042
1317617828.136758089
1317617829.691867113
1317617831.246592998
1317617832.799781084
1317617834.352538108
1317617835.911678075
1317617837.467483043
1317617839.022201061
1317617840.576982021
1317617842.131992101
1317617845.345644950
1317617845.449328899
1317617845.553015947
1317617845.656713008
1317617845.760361909
1317617845.864016056
1317617845.967684030
1317617846.071346044
1317617846.175019025
1317617846.278712034
1317617846.382405996
1317617846.486074924
1317617846.589766025
1317617846.693459987
1317617846.900734901
1317617847.004379034
1317617847.108038902
1317617847.211709976
1317617847.315378904
1317617847.419045925
1317617847.522713899
1317617847.626359939
1317617847.729980945
1317617847.833626985
1317617847.937295913
1317617848.040963888
1317617848.144635915
1317617848.248302936
1317617848.455694913
1317617848.559361934
1317617848.663029909
1317617848.766695976
1317617848.870340108
1317617848.973959922
1317617849.077605962
1317617849.181276082
1317617849.284914016
1317617849.388536930
1317617849.492141962
1317617849.595736026
1317617849.699357032
1317617849.802980899
1317617850.010191917
1317617850.113763093
1317617850.217348098
1317617850.320924997
1317617850.424500942
1317617850.528048992
1317617850.631541967
1317617850.735013008
1317617850.838443994
1317617850.941832065
1317617851.045209884
1317617851.148591041
1317617851.251998901
1317617851.355424880
1317617851.562350988
1317617851.665855884
1317617851.769382953
1317617851.872930049
1317617851.976479053
1317617852.080029964
1317617852.183600902
1317617852.287147998
1317617852.390676021
1317617852.494250059
1317617852.597871065
1317617852.701534986
1317617852.805227041
1317617852.908902883
1317617853.116260051
1317617853.219974994
1317617853.323771953
1317617853.427632093
1317617853.531538963
1317617853.635521888
1317617853.739504098
1317617853.843487977
1317617853.947491884
1317617854.051470041
1317617854.155426979
1317617854.259335994
1317617854.363198041
1317617854.467035055
1317617854.674537897
1317617854.778256893
1317617854.881953954
1317617854.985620975
1317617855.089265108
1317617855.192934036
1317617855.296577930
1317617855.400198936
1317617855.503848075
1317617855.607517004
1317617855.711182117
1317617855.814851045
1317617855.918498992
1317617856.022119045
1317617856.229362010
1317617856.333005905
1317617856.436650991
1317617856.540296077
1317617856.643989086
1317617856.747680902
1317617856.851351022
1317617856.955017089
1317617857.058682918
1317617857.162380933
1317617857.266077041
1317617857.369793891
1317617857.473535060
1317617857.577251911
1317617857.784660100
1317617857.888330936
1317617857.992000102
1317617858.095644950
1317617858.199266910
1317617858.302911043
1317617858.406583070
1317617858.510229110
1317617858.613871097
1317617858.717519998
1317617858.821190118
1317617858.924879074
1317617859.028569936
1317617859.132287025
1317617859.339651107
1317617859.443346023
1317617859.547034978
1317617859.650688886
1317617859.754349946
1317617859.858037948
1317617859.961719036
1317617860.065359115
1317617860.168981075
1317617860.272613048
1317617860.376245975
1317617860.479854106
1317617860.583492040
1317617860.687138080
1317617860.894371986
1317617860.997973918
1317617861.101522922
1317617861.205049037
1317617861.308574914
1317617861.412121057
1317617861.515667915
1317617861.619182109
1317617861.722708940
1317617861.826270103
1317617861.929796934
1317617862.033299922
1317617862.136797904
1317617862.240298032
1317617862.447320938
1317617862.550873041
1317617862.654419898
1317617862.758016109
1317617862.861639022
1317617862.965286970
1317617863.068979978
1317617863.172672033
1317617863.276343107
1317617863.380037069
1317617863.483752012
1317617863.587467908
1317617863.691159963
1317617863.794877052
1317617864.002455949
1317617864.106338977
1317617864.210273027
1317617864.314254045
1317617864.418260097
1317617864.522264957
1317617864.626260042
1317617864.730267047
1317617864.834258079
1317617864.938213109
1317617865.042217969
1317617865.146250009
1317617865.250302076
1317617865.354429006
1317617865.562654018
1317617865.666754007
1317617865.770879030
1317617865.875004053
1317617865.979104995
1317617866.083182096
1317617866.187233924
1317617866.291214942
1317617866.395124912
1317617866.499008893
1317617866.602823019
1317617866.706562042
1317617866.810206890
1317617866.913757085
1317617845.241950988
1317617846.797102928
1317617848.351999044
1317617849.906603097
1317617851.458873987
1317617853.012573003
1317617854.570800065
1317617856.125739097
1317617857.680967092
1317617859.235980033
1317617860.790750980
1317617862.343796968
1317617863.898644924
1317617867.120807886
1317617867.224359035
1317617867.327930927
1317617867.431505918
1317617867.535053968
1317617867.638530015
1317617867.741957902
1317617867.845387935
1317617867.948817014
1317617868.052268981
1317617868.155771017
1317617868.259298086
1317617868.362823009
1317617868.466321945
1317617868.673276901
1317617868.776803016
1317617868.880399942
1317617868.984021902
1317617869.087666988
1317617869.191354036
1317617869.295046091
1317617869.398716926
1317617869.502362966
1317617869.605988979
1317617869.709635972
1317617869.813278913
1317617869.916923999
1317617870.020591974
1317617870.227850914
1317617870.331468105
1317617870.435113906
1317617870.538794040
1317617870.642438888
1317617870.746084928
1317617870.849756002
1317617870.953423976
1317617871.057090997
1317617871.160762071
1317617871.264408111
1317617871.368052959
1317617871.471693038
1317617871.575339078
1317617871.782663106
1317617871.886302947
1317617871.989995956
1317617872.093712091
1317617872.197427988
1317617872.301122903
1317617872.404817104
1317617872.508507013
1317617872.612201929
1317617872.715893030
1317617872.819561958
1317617872.923243045
1317617873.026915073
1317617873.130538940
1317617873.337788105
1317617873.441410064
1317617873.545031070
1317617873.648627996
1317617873.752223014
1317617873.855844974
1317617873.959465980
1317617874.063085079
1317617874.166729927
1317617874.270401954
1317617874.374094963
1317617874.477787017
1317617874.581454038
1317617874.685123920
1317617874.892467021
1317617874.996109962
1317617875.099759101
1317617875.203404903
1317617875.307044029
1317617875.410689115
1317617875.514333963
1317617875.618004083
1317617875.721649885
1317617875.825293064
1317617875.928939104
1317617876.032586097
1317617876.136226892
1317617876.239849090
1317617876.447164058
1317617876.550834894
1317617876.654505968
1317617876.758151054
1317617876.861793041
1317617876.965462923
1317617877.069130897
1317617877.172822952
1317617877.276540994
1317617877.380259037
1317617877.483951091
1317617877.587644100
1317617877.691339969
1317617877.795032978
1317617878.002418994
1317617878.106064081
1317617878.209750890
1317617878.313469886
1317617878.417143106
1317617878.520762920
1317617878.624386072
1317617878.728008985
1317617878.831655025
1317617878.935322046
1317617879.038989067
1317617879.142659902
1317617879.246330022
1317617879.350020885
1317617879.557358026
1317617879.661030054
1317617879.764723062
1317617879.868413925
1317617879.972156047
1317617880.075922012
1317617880.179686069
1317617880.283493995
1317617880.387331008
1317617880.491147041
1317617880.594961881
1317617880.698798894
1317617880.802611112
1317617880.906375885
1317617881.113930940
1317617881.217699050
1317617881.321436882
1317617881.425177097
1317617881.528871059
1317617881.632539987
1317617881.736183881
1317617881.839804887
1317617881.943380117
1317617882.046905994
1317617882.150403976
1317617882.253858089
1317617882.357290983
1317617882.460697889
1317617882.667480945
1317617882.770910024
1317617882.874362945
1317617882.977822065
1317617883.081249952
1317617883.184695959
1317617883.288173913
1317617883.391653060
1317617883.495155096
1317617883.598680019
1317617883.702204942
1317617883.805728912
1317617883.909279108
1317617884.012873888
1317617884.220117092
1317617884.323714971
1317617884.427287101
1317617884.530884027
1317617884.634505033
1317617884.738149881
1317617884.841820001
1317617884.945465087
1317617885.049109935
1317617885.152779102
1317617885.256424903
1317617885.360045909
1317617885.463691949
1317617885.567337989
1317617885.774579048
1317617885.878222942
1317617885.981868982
1317617886.085491895
1317617886.189126014
1317617886.292747020
1317617886.396353960
1317617886.499998092
1317617886.603683948
1317617886.707349061
1317617886.811002016
1317617886.914674997
1317617887.018321037
1317617887.121942996
1317617887.329205036
1317617887.432874917
1317617887.536544084
1317617887.640212059
1317617887.743858098
1317617887.847505092
1317617887.951149940
1317617888.054795026
1317617888.158440113
1317617888.262084960
1317617888.365731000
1317617888.469351053
1317617888.572971105
1317617888.676614999
1317617867.017282009
1317617868.569798946
1317617870.124228954
1317617871.679018020
1317617873.234157085
1317617874.788795948
1317617876.343497991
1317617877.898747920
1317617879.453713893
1317617881.010140895
1317617882.564075946
1317617884.116493940
1317617885.670958995
1317617888.883884906
1317617888.987481117
1317617889.091078042
1317617889.194674015
1317617889.298247098
1317617889.401844978
1317617889.505440950
1317617889.609651088
1317617889.713227033
1317617889.816164016
1317617889.919759035
1317617890.023380994
1317617890.126977920
1317617890.230551004
1317617890.437724113
1317617890.541343927
1317617890.644964933
1317617890.748584032
1317617890.852205038
1317617890.955838918
1317617891.059484004
1317617891.163139104
1317617891.266808032
1317617891.370445013
1317617891.474080085
1317617891.577734947
1317617891.681364059
1317617891.784984111
1317617891.992252111
1317617892.095900058
1317617892.199544906
1317617892.303188085
1317617892.406831979
1317617892.510467052
1317617892.614075899
1317617892.717721939
1317617892.821391105
1317617892.925095081
1317617893.028800964
1317617893.132471084
1317617893.236139059
1317617893.339831113
1317617893.547238111
1317617893.650909900
1317617893.754556894
1317617893.858177900
1317617893.961822986
1317617894.065495967
1317617894.169163942
1317617894.272804021
1317617894.376425981
1317617894.479999065
1317617894.583501100
1317617894.687000989
1317617894.790477991
1317617894.893932104
1317617895.100816965
1317617895.204246044
1317617895.307698011
1317617895.411174058
1317617895.514652013
1317617895.618154048
1317617895.721652984
1317617895.825176954
1317617895.928726911
1317617896.032274007
1317617896.135848045
1317617896.239423036
1317617896.342989921
1317617896.446563959
1317617896.653739929
1317617896.757342100
1317617896.860939025
1317617896.964582920
1317617897.068247079
1317617897.171937942
1317617897.275677919
1317617897.379445075
1317617897.483234882
1317617897.587048053
1317617897.690911054
1317617897.794816970
1317617897.898725032
1317617898.002661943
1317617898.210551023
1317617898.314460992
1317617898.418366909
1317617898.522275924
1317617898.626161098
1317617898.729975938
1317617898.833765983
1317617898.937553882
1317617899.041296958
1317617899.144990921
1317617899.248686075
1317617899.352379083
1317617899.456043958
1317617899.559688091
1317617899.766931056
1317617899.870551109
1317617899.974195957
1317617900.077843904
1317617900.181464910
1317617900.285085916
1317617900.388704061
1317617900.492347002
1317617900.596043109
1317617900.699760913
1317617900.803502082
1317617900.907243013
1317617901.010960102
1317617901.114679098
1317617901.322113037
1317617901.425803899
1317617901.529472112
1317617901.633164882
1317617901.736859083
1317617901.840529918
1317617901.944197893
1317617902.047866106
1317617902.151488065
1317617902.255088090
1317617902.358711004
1317617902.462306976
1317617902.565901041
1317617902.669523000
1317617902.876718997
1317617902.980314016
1317617903.083910942
1317617903.187531948
1317617903.291152954
1317617903.394797086
1317617903.498466014
1317617903.602134943
1317617903.705827951
1317617903.809545993
1317617903.913285970
1317617904.017026901
1317617904.120769023
1317617904.224509000
1317617904.431896924
1317617904.535590887
1317617904.639250993
1317617904.742918968
1317617904.846597909
1317617904.950268030
1317617905.053890943
1317617905.157488107
1317617905.261084079
1317617905.364655971
1317617905.468228101
1317617905.571778059
1317617905.675278902
1317617905.778805017
1317617905.986191987
1317617906.089548110
1317617906.193193912
1317617906.296863079
1317617906.400530099
1317617906.504198074
1317617906.607867956
1317617906.711560964
1317617906.815229892
1317617906.918853044
1317617907.022474050
1317617907.126095056
1317617907.229667901
1317617907.333216905
1317617907.540316104
1317617907.643889904
1317617907.747462034
1317617907.851061105
1317617907.954679965
1317617908.058300971
1317617908.161966085
1317617908.265681028
1317617908.369379997
1317617908.473051071
1317617908.576744079
1317617908.680464029
1317617908.784159898
1317617908.887823104
1317617909.095155954
1317617909.198829889
1317617909.302474975
1317617909.406117916
1317617909.509740114
1317617909.613336086
1317617909.716958045
1317617909.820557117
1317617909.924130916
1317617910.027703046
1317617910.131274938
1317617910.234847068
1317617910.338422060
1317617910.441996097
1317617888.780262947
1317617890.334126949
1317617891.888605117
1317617893.443543910
1317617894.997385978
1317617896.550142049
1317617898.106617927
1317617899.663306951
1317617901.218396902
1317617902.773121118
1317617904.328202962
1317617905.882620096
1317617907.436765909
1317617910.649166107
1317617910.752784967
1317617910.856436014
1317617910.960108041
1317617911.063772916
1317617911.167438030
1317617911.271106004
1317617911.374800920
1317617911.478494882
1317617911.582163095
1317617911.685833930
1317617911.789503097
1317617911.893194913
1317617911.996886968
1317617912.204174995
1317617912.307845115
1317617912.411492109
1317617912.515113115
1317617912.618735074
1317617912.722354888
1317617912.825975894
1317617912.929574012
1317617913.033152103
1317617913.136723995
1317617913.240339994
1317617913.343985080
1317617913.447606086
1317617913.551275014
1317617913.758708000
1317617913.862405061
1317617913.966077089
1317617914.069744110
1317617914.173412084
1317617914.277103900
1317617914.380795001
1317617914.484488964
1317617914.588160037
1317617914.691801071
1317617914.795469999
1317617914.899116992
1317617915.002727985
1317617915.106337070
1317617915.313556909
1317617915.417152881
1317617915.520775079
1317617915.624372005
1317617915.727945089
1317617915.831517934
1317617915.935092926
1317617916.038691043
1317617916.142287015
1317617916.245893955
1317617916.349508047
1317617916.453124046
1317617916.556819915
1317617916.660518884
1317617916.867903947
1317617916.971565008
1317617917.075256109
1317617917.178949117
1317617917.282594919
1317617917.386239051
1317617917.489906072
1317617917.593576908
1317617917.697248935
1317617917.800916910
1317617917.904562950
1317617918.008183956
1317617918.111804008
1317617918.215426921
1317617918.422740936
1317617918.526407957
1317617918.630076885
1317617918.733747005
1317617918.837415933
1317617918.941133022
1317617919.044852018
1317617919.148545980
1317617919.252238988
1317617919.355905055
1317617919.459574937
1317617919.563220977
1317617919.666816949
1317617919.770368099
1317617919.977248907
1317617920.080605030
1317617920.183939933
1317617920.287281036
1317617920.390616893
1317617920.493990898
1317617920.597443103
1317617920.700942993
1317617920.804490089
1317617920.908063888
1317617921.011662006
1317617921.115308046
1317617921.219002008
1317617921.322720050
1317617921.530241966
1317617921.634079933
1317617921.737943887
1317617921.841830015
1317617921.945775985
1317617922.049710035
1317617922.153580904
1317617922.257461071
1317617922.361334085
1317617922.465152978
1317617922.568931102
1317617922.672672033
1317617922.776411056
1317617922.880148887
1317617923.087511062
1317617923.191184043
1317617923.294828891
1317617923.398449897
1317617923.502094984
1317617923.605740070
1317617923.709359884
1317617923.812980890
1317617923.916603088
1317617924.020272970
1317617924.123966932
1317617924.227636098
1317617924.331279039
1317617924.434922933
1317617924.642265081
1317617924.745932102
1317617924.849626064
1317617924.953319072
1317617925.056965112
1317617925.160626888
1317617925.264343023
1317617925.368067979
1317617925.471761941
1317617925.575428962
1317617925.679096937
1317617925.782788991
1317617925.886483907
1317617925.990170001
1317617926.197495937
1317617926.301163911
1317617926.404805898
1317617926.508450984
1317617926.612121105
1317617926.715764999
1317617926.819407939
1317617926.923075914
1317617927.026724100
1317617927.130373001
1317617927.234040975
1317617927.337707042
1317617927.441374063
1317617927.545021057
1317617927.752311944
1317617927.855957031
1317617927.959625959
1317617928.063283920
1317617928.166941881
1317617928.270612955
1317617928.374284982
1317617928.477967023
1317617928.581645011
1317617928.685308933
1317617928.788954019
1317617928.892597913
1317617928.996238946
1317617929.099863052
1317617929.307137012
1317617929.410803079
1317617929.514468908
1317617929.618134975
1317617929.721806049
1317617929.825501918
1317617929.929191112
1317617930.032860994
1317617930.136533021
1317617930.240179061
1317617930.343800067
1317617930.447427034
1317617930.551049947
1317617930.654669046
1317617930.861979007
1317617930.965660095
1317617931.069329977
1317617931.172966003
1317617931.276611089
1317617931.380275964
1317617931.483973979
1317617931.587694883
1317617931.691382884
1317617931.795027017
1317617931.898673057
1317617932.002340078
1317617932.106030941
1317617932.209727048
1317617910.545569896
1317617912.100532054
1317617913.654992103
1317617915.209959030
1317617916.764211893
1317617918.319072961
1317617919.873846054
1317617921.426460027
1317617922.983839988
1317617924.538595914
1317617926.093839883
1317617927.648669004
1317617929.203491926
1317617932.417068958
1317617932.520735979
1317617932.624403953
1317617932.728072881
1317617932.831737041
1317617932.935432910
1317617933.039154052
1317617933.142865896
1317617933.246557950
1317617933.350251913
1317617933.453944921
1317617933.557647943
1317617933.661340951
1317617933.765001058
1317617933.972317934
1317617934.075962066
1317617934.179605960
1317617934.283230066
1317617934.386878967
1317617934.490520954
1317617934.594139099
1317617934.697761058
1317617934.801382064
1317617934.904982089
1317617935.008553028
1317617935.112124919
1317617935.215678930
1317617935.319226980
1317617935.526307106
1317617935.629832029
1317617935.733345985
1317617935.836873054
1317617935.940373897
1317617936.043853044
1317617936.147355079
1317617936.250880956
1317617936.354406118
1317617936.457931041
1317617936.561455011
1317617936.664949893
1317617936.768450021
1317617936.871953964
1317617937.078891992
1317617937.182343959
1317617937.285820960
1317617937.389321088
1317617937.492845058
1317617937.596369981
1317617937.699892997
1317617937.803442955
1317617937.907038927
1317617938.010683059
1317617938.114377021
1317617938.218095064
1317617938.321837902
1317617938.425625085
1317617938.633346080
1317617938.737257957
1317617938.841166973
1317617938.945050954
1317617939.048887014
1317617939.152650117
1317617939.256367921
1317617939.360105037
1317617939.463892936
1317617939.567687988
1317617939.671452999
1317617939.775218963
1317617939.879007101
1317617939.982795953
1317617940.190329074
1317617940.294092893
1317617940.397856950
1317617940.501596927
1317617940.605339050
1317617940.709080934
1317617940.812798023
1317617940.916513919
1317617941.020205974
1317617941.123874902
1317617941.227541923
1317617941.331211090
1317617941.434906959
1317617941.538575887
1317617941.745822906
1317617941.849467992
1317617941.953085899
1317617942.056705951
1317617942.160377025
1317617942.264070987
1317617942.367738008
1317617942.471379995
1317617942.575025081
1317617942.678641080
1317617942.782262086
1317617942.885915040
1317617942.989584922
1317617943.093255043
1317617943.300591945
1317617943.404261112
1317617943.507927894
1317617943.611598014
1317617943.715269088
1317617943.818942070
1317617943.922611951
1317617944.026254892
1317617944.129877090
1317617944.233504056
1317617944.337121963
1317617944.440710067
1317617944.544308900
1317617944.647927045
1317617944.855158090
1317617944.958756923
1317617945.062369108
1317617945.165987014
1317617945.269608020
1317617945.373229980
1317617945.476886987
1317617945.580557107
1317617945.684190988
1317617945.787858963
1317617945.891551971
1317617945.995244979
1317617946.098937034
1317617946.202630043
1317617946.409949064
1317617946.513616085
1317617946.617283105
1317617946.720952987
1317617946.824620962
1317617946.928288936
1317617947.031958103
1317617947.135627985
1317617947.239296913
1317617947.342964887
1317617947.446634054
1317617947.550280094
1317617947.653925895
1317617947.757570028
1317617947.964932918
1317617948.068602085
1317617948.172271966
1317617948.275940895
1317617948.379611015
1317617948.483257055
1317617948.586901903
1317617948.690574884
1317617948.794245958
1317617948.897911071
1317617949.001583099
1317617949.105226993
1317617949.208842992
1317617949.312463998
1317617949.519658088
1317617949.623284101
1317617949.726903915
1317617949.830570936
1317617949.934264898
1317617950.037956953
1317617950.141649007
1317617950.245295047
1317617950.348963022
1317617950.452656030
1317617950.556301116
1317617950.659945964
1317617950.763617038
1317617950.867285013
1317617951.074649095
1317617951.178364038
1317617951.282057046
1317617951.385727882
1317617951.489397048
1317617951.593065023
1317617951.696733951
1317617951.800371885
1317617951.904016971
1317617952.007695913
1317617952.111340999
1317617952.214961051
1317617952.318558931
1317617952.422152042
1317617952.629353046
1317617952.732969045
1317617952.836564064
1317617952.940110921
1317617953.043642997
1317617953.147173881
1317617953.250669002
1317617953.354142904
1317617953.457575082
1317617953.560981035
1317617953.664386034
1317617953.767731904
1317617953.871063947
1317617953.974426984
1317617932.313397884
1317617933.868670940
1317617935.422771930
1317617936.975435972
1317617938.529459953
1317617940.086565017
1317617941.642198085
1317617943.196922063
1317617944.751548051
1317617946.306302070
1317617947.861238956
1317617949.416062116
1317617950.970954895
1317617954.181129932
1317617954.284488916
1317617954.387840986
1317617954.491197109
1317617954.594579935
1317617954.697983980
1317617954.801434040
1317617954.904916048
1317617955.008394956
1317617955.111912012
1317617955.215486049
1317617955.319108009
1317617955.422800064
1317617955.526495933
1317617955.733975887
1317617955.837789058
1317617955.941721916
1317617956.045752048
1317617956.149808883
1317617956.253886938
1317617956.357964992
1317617956.462018966
1317617956.566063880
1317617956.670067071
1317617956.774049997
1317617956.878007888
1317617956.981894969
1317617957.085731983
1317617957.293332099
1317617957.397072076
1317617957.500765085
1317617957.604412078
1317617957.708033084
1317617957.811654090
1317617957.915275096
1317617958.018920898
1317617958.122565984
1317617958.226233005
1317617958.329902887
1317617958.433547973
1317617958.537241935
1317617958.640937089
1317617958.848366975
1317617958.952109098
1317617959.055847883
1317617959.159564018
1317617959.263233900
1317617959.366904973
1317617959.470568895
1317617959.574237108
1317617959.677859067
1317617959.781457901
1317617959.885032892
1317617959.988557100
1317617960.092083930
1317617960.195635080
1317617960.402756929
1317617960.506329059
1317617960.609951019
1317617960.713576078
1317617960.817220926
1317617960.920887947
1317617961.024557113
1317617961.128226995
1317617961.231897115
1317617961.335588932
1317617961.439255952
1317617961.542900085
1317617961.646573066
1317617961.750243902
1317617961.957581043
1317617962.061248064
1317617962.164941072
1317617962.268667936
1317617962.372361898
1317617962.476044893
1317617962.579737901
1317617962.683408021
1317617962.787101984
1317617962.890795946
1317617962.994462966
1317617963.098134994
1317617963.201807022
1317617963.305444955
1317617963.512687921
1317617963.616307020
1317617963.719932079
1317617963.823580026
1317617963.927269935
1317617964.030961036
1317617964.134628057
1317617964.238300085
1317617964.341970920
1317617964.445640087
1317617964.549309015
1317617964.652975082
1317617964.756644010
1317617964.860315084
1317617965.067604064
1317617965.171295881
1317617965.274988889
1317617965.378659963
1317617965.482331037
1317617965.585999965
1317617965.689667940
1317617965.793313980
1317617965.896959066
1317617966.000626087
1317617966.104293107
1317617966.207967996
1317617966.311661005
1317617966.415374994
1317617966.622735023
1317617966.726428031
1317617966.830147027
1317617966.933862924
1317617967.037581920
1317617967.141299009
1317617967.245013952
1317617967.348706960
1317617967.452374935
1317617967.556045055
1317617967.659692049
1317617967.763339042
1317617967.867008924
1317617967.970676898
1317617968.177985906
1317617968.281608104
1317617968.385253906
1317617968.488923072
1317617968.592569112
1317617968.696213006
1317617968.799856901
1317617968.903477907
1317617969.007098913
1317617969.110718965
1317617969.214291095
1317617969.317842006
1317617969.421392917
1317617969.524919033
1317617969.732032060
1317617969.835613965
1317617969.939187049
1317617970.042759895
1317617970.146330118
1317617970.249927997
1317617970.353574991
1317617970.457220077
1317617970.560841083
1317617970.664462089
1317617970.768106937
1317617970.871788978
1317617970.975495100
1317617971.079224109
1317617971.286739110
1317617971.390479087
1317617971.494196891
1317617971.597925901
1317617971.701621055
1317617971.805279970
1317617971.908968925
1317617972.012662887
1317617972.116333961
1317617972.220002889
1317617972.323673009
1317617972.427340984
1317617972.531008958
1317617972.634673118
1317617972.842016935
1317617972.945667028
1317617973.049287080
1317617973.152929067
1317617973.256573915
1317617973.360196113
1317617973.463816881
1317617973.567461013
1317617973.671103954
1317617973.774749994
1317617973.878418922
1317617973.982063055
1317617974.085709095
1317617974.189378976
1317617974.396718025
1317617974.500385999
1317617974.604036092
1317617974.707657098
1317617974.811296939
1317617974.914941072
1317617975.018554925
1317617975.122203111
1317617975.225858926
1317617975.329502105
1317617975.433170080
1317617975.536815881
1317617975.640436887
1317617975.744038105
1317617954.077785968
1317617955.630213975
1317617957.189543008
1317617958.744626998
1317617960.299207925
1317617961.853914022
1317617963.409063100
1317617964.963959932
1317617966.519068002
1317617968.074342966
1317617969.628458976
1317617971.182975053
1317617972.738342046
1317617975.951087951
1317617976.054541110
1317617976.157964944
1317617976.261418104
1317617976.364898920
1317617976.468406915
1317617976.571932077
1317617976.675498962
1317617976.779119968
1317617976.882740974
1317617976.986363887
1317617977.090034008
1317617977.193770885
1317617977.297558069
1317617977.505208015
1317617977.609045028
1317617977.712882041
1317617977.816718101
1317617977.920532941
1317617978.024324893
1317617978.128087997
1317617978.231827974
1317617978.335546016
1317617978.439261913
1317617978.542953968
1317617978.646646976
1317617978.750339031
1317617978.854008913
1317617979.061424970
1317617979.165112972
1317617979.268784046
1317617979.372478008
1317617979.476167917
1317617979.579837083
1317617979.683506965
1317617979.787178039
1317617979.890824079
1317617979.994467973
1317617980.098112106
1317617980.201756000
1317617980.305423974
1317617980.409070968
1317617980.616312980
1317617980.719933986
1317617980.823556900
1317617980.927177906
1317617981.030821084
1317617981.134468078
1317617981.238137006
1317617981.341829061
1317617981.445523977
1317617981.549216985
1317617981.652905941
1317617981.756597995
1317617981.860269069
1317617981.963941097
1317617982.171253919
1317617982.274873971
1317617982.378494977
1317617982.482141971
1317617982.585812091
1317617982.689479112
1317617982.793147087
1317617982.896816968
1317617983.000464916
1317617983.104113101
1317617983.207756042
1317617983.311378002
1317617983.414998054
1317617983.518640041
1317617983.725956916
1317617983.829575061
1317617983.933195114
1317617984.036843061
1317617984.140490055
1317617984.244132995
1317617984.347824096
1317617984.451519012
1317617984.555188894
1317617984.658859014
1317617984.762528896
1317617984.866198062
1317617984.969867944
1317617985.073538064
1317617985.280944108
1317617985.384685993
1317617985.488475084
1317617985.592288970
1317617985.696079015
1317617985.799865961
1317617985.903678894
1317617986.007491111
1317617986.111305952
1317617986.215117931
1317617986.318931102
1317617986.422718048
1317617986.526506900
1317617986.630347013
1317617986.838093996
1317617986.941953897
1317617987.045792102
1317617987.149626970
1317617987.253416061
1317617987.357134103
1317617987.460802078
1317617987.564446926
1317617987.668066024
1317617987.771689891
1317617987.875313997
1317617987.978936910
1317617988.082557916
1317617988.186172962
1317617988.393416881
1317617988.497037887
1317617988.600593090
1317617988.704071998
1317617988.807495117
1317617988.910875082
1317617989.014255046
1317617989.117614030
1317617989.221126079
1317617989.324477910
1317617989.427681922
1317617989.531066894
1317617989.634471893
1317617989.737874984
1317617989.944811105
1317617990.048350095
1317617990.151895999
1317617990.255458116
1317617990.359055042
1317617990.462654113
1317617990.566251039
1317617990.669872045
1317617990.773490905
1317617990.877132892
1317617990.980803012
1317617991.084472894
1317617991.188138961
1317617991.291785001
1317617991.499099016
1317617991.602768898
1317617991.706468105
1317617991.810137987
1317617991.913765907
1317617992.017380952
1317617992.121098041
1317617992.224724054
1317617992.328232049
1317617992.431804895
1317617992.535382986
1317617992.639005899
1317617992.742647886
1317617992.846296072
1317617993.053596019
1317617993.157227993
1317617993.260870933
1317617993.364490985
1317617993.468112945
1317617993.571758031
1317617993.675404071
1317617993.779050111
1317617993.882719039
1317617993.986362934
1317617994.090008020
1317617994.193655014
1317617994.297276973
1317617994.400897026
1317617994.608138084
1317617994.711781978
1317617994.815455913
1317617994.919100046
1317617995.022720098
1317617995.126367092
1317617995.230015039
1317617995.333657026
1317617995.437293052
1317617995.540963888
1317617995.644646883
1317617995.748291969
1317617995.851958036
1317617995.955693006
1317617996.162923097
1317617996.266578912
1317617996.370203018
1317617996.473824024
1317617996.577498912
1317617996.681148052
1317617996.784787893
1317617996.888428926
1317617996.992050886
1317617997.095674991
1317617997.199296951
1317617997.302917003
1317617997.406558990
1317617997.510229110
1317617975.847589015
1317617977.401371002
1317617978.957709074
1317617980.512692928
1317617982.067610025
1317617983.622311115
1317617985.177228927
1317617986.734209060
1317617988.289793968
1317617989.841303110
1317617991.395431041
1317617992.949953079
1317617994.504520893
1317617997.717516899
1317617997.821165084
1317617997.924809932
1317617998.028501033
1317617998.132219076
1317617998.235913991
1317617998.339607000
1317617998.443324089
1317617998.547017097
1317617998.650710105
1317617998.754400968
1317617998.858045101
1317617998.961690902
1317617999.065336942
1317617999.272593975
1317617999.376243114
1317617999.479846000
1317617999.583466053
1317617999.687112092
1317617999.790733098
1317617999.894354104
1317617999.997971057
1317618000.101615905
1317618000.205281019
1317618000.308926105
1317618000.412580966
1317618000.516272068
1317618000.619962930
1317618000.827302932
1317618000.930972099
1317618001.034641981
1317618001.138310909
1317618001.241978883
1317618001.345648050
1317618001.449316024
1317618001.552961111
1317618001.656582117
1317618001.760227918
1317618001.863898992
1317618001.967567920
1317618002.071260929
1317618002.174952030
1317618002.382292985
1317618002.485963106
1317618002.589607000
1317618002.693248987
1317618002.796895027
1317618002.900544881
1317618003.004164934
1317618003.107737064
1317618003.211328983
1317618003.314971923
1317618003.418647050
1317618003.522294044
1317618003.625915050
1317618003.729558944
1317618003.936873912
1317618004.040494918
1317618004.144114971
1317618004.247714996
1317618004.351305961
1317618004.454900979
1317618004.558504104
1317618004.662126064
1317618004.765769004
1317618004.869460105
1317618004.973155021
1317618005.076848983
1317618005.180566072
1317618005.284282922
1317618005.491740942
1317618005.595508098
1317618005.699274063
1317618005.803036928
1317618005.906774997
1317618006.010494947
1317618006.114188909
1317618006.217880964
1317618006.321574926
1317618006.425242900
1317618006.528883934
1317618006.632479906
1317618006.736080884
1317618006.839680910
1317618007.046876907
1317618007.150449037
1317618007.254020929
1317618007.357616901
1317618007.461214065
1317618007.564836978
1317618007.668481111
1317618007.772125959
1317618007.875794887
1317618007.979485988
1317618008.083180904
1317618008.186852931
1317618008.290518999
1317618008.394210100
1317618008.601551055
1317618008.705172061
1317618008.808818101
1317618008.912487983
1317618009.016155958
1317618009.119851112
1317618009.223566055
1317618009.327259063
1317618009.430902957
1317618009.534548997
1317618009.638216018
1317618009.741883039
1317618009.845560073
1317618009.949229001
1317618010.156517028
1317618010.260186910
1317618010.363856077
1317618010.467523097
1317618010.571202039
1317618010.674849033
1317618010.778460025
1317618010.882056951
1317618010.985652923
1317618011.089251995
1317618011.192852020
1317618011.296447992
1317618011.400016069
1317618011.503613948
1317618011.710858106
1317618011.814503908
1317618011.918148994
1317618012.021769046
1317618012.125380039
1317618012.229026079
1317618012.332705020
1317618012.436373949
1317618012.540043115
1317618012.643759965
1317618012.747549057
1317618012.851361989
1317618012.955218076
1317618013.059127092
1317618013.267100095
1317618013.371150016
1317618013.475272893
1317618013.579447984
1317618013.683610916
1317618013.787756919
1317618013.891918897
1317618013.996042966
1317618014.100121021
1317618014.204149007
1317618014.308129072
1317618014.412050008
1317618014.515887975
1317618014.619640111
1317618014.826998949
1317618014.930643081
1317618015.034267902
1317618015.137865066
1317618015.241461992
1317618015.345088005
1317618015.448685884
1317618015.552231073
1317618015.655720949
1317618015.759150028
1317618015.862541913
1317618015.965920925
1317618016.069278955
1317618016.172578096
1317618016.379014968
1317618016.482228040
1317618016.585465908
1317618016.688750982
1317618016.792108058
1317618016.895536899
1317618016.999013900
1317618017.102514982
1317618017.206063985
1317618017.309638023
1317618017.413237094
1317618017.516859054
1317618017.620503902
1317618017.724169015
1317618017.931508064
1317618018.035151004
1317618018.138772010
1317618018.242429971
1317618018.346100091
1317618018.449757099
1317618018.553426980
1317618018.657095909
1317618018.760763883
1317618018.864456892
1317618018.968149900
1317618019.071820020
1317618019.175487995
1317618019.279156923
1317617997.613874912
1317617999.168955087
1317618000.723633050
1317618002.278620004
1317618003.833229064
1317618005.387998104
1317618006.943279027
1317618008.497904062
1317618010.052870035
1317618011.607234954
1317618013.163093090
1317618014.723332881
1317618016.275815010
1317618019.486424922
1317618019.590070009
1317618019.693712949
1317618019.797358989
1317618019.901051998
1317618020.004745960
1317618020.108438968
1317618020.212131023
1317618020.315798997
1317618020.419444084
1317618020.523089885
1317618020.626734972
1317618020.730381965
1317618020.834028959
1317618021.041291952
1317618021.144937992
1317618021.248584032
1317618021.352207899
1317618021.455804109
1317618021.559447050
1317618021.663093090
1317618021.766737937
1317618021.870383024
1317618021.974029064
1317618022.077697038
1317618022.181339979
1317618022.284986019
1317618022.388631105
1317618022.595901966
1317618022.699568986
1317618022.803236007
1317618022.906903982
1317618023.010574102
1317618023.114218950
1317618023.217839956
1317618023.321460008
1317618023.425057888
1317618023.528656005
1317618023.632251024
1317618023.735847949
1317618023.839469909
1317618023.943093061
1317618024.150405883
1317618024.254076004
1317618024.357743978
1317618024.461436033
1317618024.565159082
1317618024.668875932
1317618024.772563934
1317618024.876235008
1317618024.979882001
1317618025.083503961
1317618025.187680959
1317618025.291323900
1317618025.394412040
1317618025.498033046
1317618025.705300092
1317618025.808969020
1317618025.912607908
1317618026.016252994
1317618026.119925975
1317618026.223594903
1317618026.327286958
1317618026.430979967
1317618026.534651994
1317618026.638322114
1317618026.741991996
1317618026.845660924
1317618026.949331045
1317618027.052999019
1317618027.260338068
1317618027.363956928
1317618027.467576980
1317618027.571219921
1317618027.674841880
1317618027.778487920
1317618027.882158041
1317618027.985826015
1317618028.089494943
1317618028.193165063
1317618028.296859025
1317618028.400557041
1317618028.504226922
1317618028.607892036
1317618028.815274953
1317618028.918943881
1317618029.022588014
1317618029.126234054
1317618029.229880094
1317618029.333524942
1317618029.437192916
1317618029.540883064
1317618029.644599914
1317618029.748343944
1317618029.852097988
1317618029.955820083
1317618030.059560060
1317618030.163357973
1317618030.370980024
1317618030.474771022
1317618030.578514099
1317618030.682229995
1317618030.785942077
1317618030.889658927
1317618030.993397951
1317618031.097163915
1317618031.200938940
1317618031.304727077
1317618031.408528089
1317618031.512305974
1317618031.616044998
1317618031.719788074
1317618031.927270889
1317618032.031012058
1317618032.134731054
1317618032.238446950
1317618032.342164039
1317618032.445883035
1317618032.549599885
1317618032.653315067
1317618032.757031917
1317618032.860770940
1317618032.964513063
1317618033.068207979
1317618033.171900033
1317618033.275568008
1317618033.482741117
1317618033.586205005
1317618033.689610004
1317618033.792956113
1317618033.896286964
1317618033.999620914
1317618034.102960109
1317618034.206295013
1317618034.309653043
1317618034.413058042
1317618034.516458988
1317618034.619846105
1317618034.723248958
1317618034.826672077
1317618035.033598899
1317618035.137126922
1317618035.240700960
1317618035.344270944
1317618035.447850942
1317618035.551450967
1317618035.655040979
1317618035.758613109
1317618035.862185001
1317618035.965759038
1317618036.069331884
1317618036.172928094
1317618036.276575088
1317618036.380220890
1317618036.587456941
1317618036.691106081
1317618036.794750928
1317618036.898395061
1317618037.002041101
1317618037.105710029
1317618037.209403038
1317618037.313071966
1317618037.416739940
1317618037.520386934
1317618037.624032974
1317618037.727699995
1317618037.831368923
1317618037.935040950
1317618038.142354965
1317618038.246000051
1317618038.349668025
1317618038.453315019
1317618038.556936025
1317618038.660579919
1317618038.764225006
1317618038.867846012
1317618038.971467018
1317618039.075112104
1317618039.178755998
1317618039.282378911
1317618039.386023998
1317618039.489666938
1317618039.697030067
1317618039.800700902
1317618039.904370069
1317618040.008038043
1317618040.111684083
1317618040.215353012
1317618040.319045066
1317618040.422714948
1317618040.526360034
1317618040.629987955
1317618040.733609914
1317618040.837224960
1317618040.940871000
1317618041.044513940
1317618019.382802963
1317618020.937647104
1317618022.492254972
1317618024.046736955
1317618025.601654052
1317618027.156668901
1317618028.711582899
1317618030.267173051
1317618031.823529958
1317618033.379189968
1317618034.930123090
1317618036.483838081
1317618038.038710117
1317618041.251802921
1317618041.355401992
1317618041.459022045
1317618041.562690019
1317618041.666361093
1317618041.770006895
1317618041.873650074
1317618041.977293014
1317618042.080913066
1317618042.184560060
1317618042.288230895
1317618042.391923904
1317618042.495615005
1317618042.599284887
1317618042.806693077
1317618042.910410881
1317618043.014149904
1317618043.117916107
1317618043.221729993
1317618043.325589895
1317618043.429476022
1317618043.533407926
1317618043.637391090
1317618043.741399049
1317618043.845427989
1317618043.949503898
1317618044.053579092
1317618044.157655954
1317618044.365741014
1317618044.469696998
1317618044.573605060
1317618044.677443027
1317618044.781255006
1317618044.885046958
1317618044.988742113
1317618045.092360973
1317618045.195956945
1317618045.299506902
1317618045.403009891
1317618045.506464004
1317618045.609890937
1317618045.713295936
1317618045.920152902
1317618046.023654937
1317618046.127204895
1317618046.230799913
1317618046.334394931
1317618046.437993049
1317618046.541594028
1317618046.645169973
1317618046.748739957
1317618046.852335929
1317618046.955957889
1317618047.059554100
1317618047.163125038
1317618047.266724109
1317618047.473893880
1317618047.577469110
1317618047.681065082
1317618047.784683942
1317618047.888281106
1317618047.991857051
1317618048.095428943
1317618048.198976039
1317618048.302525997
1317618048.406075954
1317618048.509602069
1317618048.613126039
1317618048.716676950
1317618048.820226907
1317618049.027420997
1317618049.131040096
1317618049.234662055
1317618049.338284015
1317618049.441904067
1317618049.545525074
1317618049.649171113
1317618049.752815961
1317618049.856436967
1317618049.960057973
1317618050.063679933
1317618050.167325973
1317618050.270970106
1317618050.374636888
1317618050.581991910
1317618050.685650110
1317618050.789304018
1317618050.892935991
1317618050.996582031
1317618051.100224971
1317618051.203819036
1317618051.307419061
1317618051.411041021
1317618051.514687061
1317618051.618356943
1317618051.722028017
1317618051.825674057
1317618051.929313898
1317618052.136653900
1317618052.240339994
1317618052.344016075
1317618052.447670936
1317618052.551331043
1317618052.654997110
1317618052.758642911
1317618052.862287998
1317618052.965933084
1317618053.069530963
1317618053.173103094
1317618053.276722908
1317618053.380369901
1317618053.484019041
1317618053.691325902
1317618053.794977903
1317618053.898648977
1317618054.002289056
1317618054.105932950
1317618054.209602117
1317618054.313293933
1317618054.416990995
1317618054.520642042
1317618054.624284029
1317618054.727901935
1317618054.831475973
1317618054.935050010
1317618055.038625001
1317618055.245693922
1317618055.349220037
1317618055.452745914
1317618055.556271076
1317618055.659795045
1317618055.763261079
1317618055.866669893
1317618055.970031976
1317618056.073362112
1317618056.176670074
1317618056.279931068
1317618056.383199930
1317618056.486485958
1317618056.589771032
1317618056.796458959
1317618056.899888038
1317618057.003331899
1317618057.106861114
1317618057.210419893
1317618057.313991069
1317618057.417655944
1317618057.521398067
1317618057.625164031
1317618057.728952884
1317618057.832793951
1317618057.936701059
1317618058.040658950
1317618058.144629001
1317618058.352566003
1317618058.456527948
1317618058.560488939
1317618058.664424896
1317618058.768310070
1317618058.872169971
1317618058.976007938
1317618059.079821109
1317618059.183610916
1317618059.287328004
1317618059.390995025
1317618059.494663000
1317618059.598332881
1317618059.701977968
1317618059.909245014
1317618060.012913942
1317618060.116583108
1317618060.220254898
1317618060.323900938
1317618060.427541017
1317618060.531183004
1317618060.634852886
1317618060.738545894
1317618060.842216014
1317618060.945909976
1317618061.049603939
1317618061.153274059
1317618061.256916999
1317618061.464205980
1317618061.567828893
1317618061.671451091
1317618061.775072097
1317618061.878690004
1317618061.982325077
1317618062.085984945
1317618062.189630031
1317618062.293275117
1317618062.396951913
1317618062.500606060
1317618062.604243040
1317618062.707902908
1317618062.811573028
1317618041.148156881
1317618042.702976942
1317618044.261737108
1317618045.816699028
1317618047.370321989
1317618048.923799991
1317618050.478329896
1317618052.032982110
1317618053.587686061
1317618055.142170906
1317618056.693075895
1317618058.248601913
1317618059.805598974
1317618063.018906116
1317618063.122553110
1317618063.226197957
1317618063.329843997
1317618063.433485984
1317618063.537106990
1317618063.640731096
1317618063.744352102
1317618063.847973108
1317618063.951617956
1317618064.055264949
1317618064.158910989
1317618064.262578964
1317618064.366246938
1317618064.573538064
1317618064.677181959
1317618064.780780076
1317618064.884381055
1317618064.988027095
1317618065.091669082
1317618065.195285081
1317618065.298902988
1317618065.402506113
1317618065.506081104
1317618065.609677076
1317618065.713300943
1317618065.816899061
1317618065.920466899
1317618066.127681016
1317618066.231306076
1317618066.334928035
1317618066.438527107
1317618066.542104005
1317618066.645677089
1317618066.749247074
1317618066.852819919
1317618066.956393003
1317618067.059964895
1317618067.163538932
1317618067.267137050
1317618067.370757102
1317618067.474375009
1317618067.681611061
1317618067.785231113
1317618067.888864994
1317618067.992461919
1317618068.096060037
1317618068.199774980
1317618068.303386926
1317618068.406913995
1317618068.510531902
1317618068.614182949
1317618068.717864990
1317618068.821527957
1317618068.925169944
1317618069.028786897
1317618069.235989093
1317618069.339584112
1317618069.443207025
1317618069.546875953
1317618069.650572061
1317618069.754261970
1317618069.857928037
1317618069.961599111
1317618070.065246105
1317618070.168865919
1317618070.272485017
1317618070.376111030
1317618070.479732036
1317618070.583360910
1317618070.790620088
1317618070.894287109
1317618070.997952938
1317618071.101620912
1317618071.205286979
1317618071.308931112
1317618071.412580966
1317618071.516252040
1317618071.619921922
1317618071.723592042
1317618071.827259063
1317618071.930931091
1317618072.034600019
1317618072.138262987
1317618072.345601081
1317618072.449269056
1317618072.552963018
1317618072.656635046
1317618072.760281085
1317618072.863940954
1317618072.967688083
1317618073.071412086
1317618073.175098896
1317618073.278866052
1317618073.382657051
1317618073.486473083
1317618073.590302944
1317618073.694185972
1317618073.902035951
1317618074.006768941
1317618074.110629081
1317618074.213598966
1317618074.317358016
1317618074.421070098
1317618074.524801969
1317618074.628571987
1317618074.732322931
1317618074.836035966
1317618074.939726114
1317618075.043385028
1317618075.147032022
1317618075.250711917
1317618075.458004951
1317618075.561599016
1317618075.665189981
1317618075.768810987
1317618075.872417926
1317618075.975994110
1317618076.079587936
1317618076.183182001
1317618076.286730051
1317618076.390232086
1317618076.493709087
1317618076.597162008
1317618076.700584888
1317618076.804017066
1317618077.010879993
1317618077.114308118
1317618077.217736005
1317618077.321191072
1317618077.424693107
1317618077.528217077
1317618077.631766080
1317618077.735340118
1317618077.838887929
1317618077.942433118
1317618078.045990943
1317618078.149545907
1317618078.253106117
1317618078.356676101
1317618078.563905954
1317618078.667526006
1317618078.771183013
1317618078.874852895
1317618078.978483915
1317618079.082082033
1317618079.185653924
1317618079.289249897
1317618079.392848014
1317618079.496440887
1317618079.600049972
1317618079.703671932
1317618079.807281970
1317618079.910907030
1317618080.118171930
1317618080.221786022
1317618080.325432062
1317618080.429106950
1317618080.532793998
1317618080.636486053
1317618080.740159034
1317618080.843802928
1317618080.947449922
1317618081.051120042
1317618081.154789924
1317618081.258435010
1317618081.362056016
1317618081.465677022
1317618081.672991037
1317618081.776659965
1317618081.880306005
1317618081.983927965
1317618082.087573051
1317618082.191242933
1317618082.294922113
1317618082.398591041
1317618082.502249956
1317618082.605921030
1317618082.709590911
1317618082.813258886
1317618082.916928052
1317618083.020618915
1317618083.228032112
1317618083.331722974
1317618083.435415983
1317618083.539098024
1317618083.642740964
1317618083.746397018
1317618083.850119113
1317618083.953835964
1317618084.057574987
1317618084.161339998
1317618084.265127897
1317618084.368912935
1317618084.472702026
1317618084.576494932
1317618062.915249109
1317618064.469893932
1317618066.024060964
1317618067.577997922
1317618069.132385969
1317618070.686985969
1317618072.241933107
1317618073.798125028
1317618075.354382991
1317618076.907450914
1317618078.460278987
1317618080.014552116
1317618081.569322109
1317618084.784033060
1317618084.887768030
1317618084.991507053
1317618085.095247030
1317618085.198987960
1317618085.302705049
1317618085.406399011
1317618085.510093927
1317618085.613795995
1317618085.717514991
1317618085.821224927
1317618085.924937963
1317618086.028605937
1317618086.132251977
1317618086.339493989
1317618086.443048000
1317618086.546576023
1317618086.650099992
1317618086.753622055
1317618086.857144117
1317618086.960642099
1317618087.064145088
1317618087.167644023
1317618087.271142959
1317618087.374670982
1317618087.478194952
1317618087.581696033
1317618087.685151100
1317618087.891962051
1317618087.995368957
1317618088.098750114
1317618088.202152967
1317618088.305531978
1317618088.408843994
1317618088.512130022
1317618088.615438938
1317618088.718746900
1317618088.822056055
1317618088.925388097
1317618089.028723001
1317618089.132030963
1317618089.235312938
1317618089.441893100
1317618089.545193910
1317618089.648526906
1317618089.751863956
1317618089.855226039
1317618089.958606004
1317618090.061983108
1317618090.165388107
1317618090.268841981
1317618090.372344017
1317618090.475893974
1317618090.579442024
1317618090.682967901
1317618090.786518096
1317618090.993736028
1317618091.097451925
1317618091.201165914
1317618091.304934024
1317618091.408747911
1317618091.512583017
1317618091.616466999
1317618091.720401048
1317618091.824383020
1317618091.928389072
1317618092.032391071
1317618092.136370897
1317618092.240355968
1317618092.344340085
1317618092.552223920
1317618092.656086921
1317618092.759898900
1317618092.863688945
1317618092.967454910
1317618093.071218967
1317618093.174961090
1317618093.278677940
1317618093.382370948
1317618093.486038923
1317618093.589732885
1317618093.693402051
1317618093.797023057
1317618093.900645971
1317618094.107913017
1317618094.211584091
1317618094.315248012
1317618094.418915033
1317618094.522582054
1317618094.626252889
1317618094.729923963
1317618094.833569049
1317618094.937216997
1317618095.040887117
1317618095.144553899
1317618095.248225927
1317618095.351893901
1317618095.455562114
1317618095.662851095
1317618095.766501903
1317618095.870124101
1317618095.973731040
1317618096.077352046
1317618096.180980920
1317618096.284605026
1317618096.388226032
1317618096.491843938
1317618096.595463037
1317618096.699115037
1317618096.802786111
1317618096.906424045
1317618097.010045051
1317618097.217245101
1317618097.320846080
1317618097.424437046
1317618097.528078079
1317618097.631726980
1317618097.735347986
1317618097.838989973
1317618097.942634105
1317618098.046279907
1317618098.149949073
1317618098.253618001
1317618098.357286930
1317618098.460957050
1317618098.564649105
1317618098.772058010
1317618098.875751972
1317618098.979470014
1317618099.083162069
1317618099.186830043
1317618099.290499925
1317618099.394193887
1317618099.497863054
1317618099.601484060
1317618099.705127000
1317618099.808770895
1317618099.912416934
1317618100.016087055
1317618100.119757890
1317618100.327119112
1317618100.430809974
1317618100.534504890
1317618100.638225078
1317618100.741914987
1317618100.845560073
1317618100.949217081
1317618101.052861928
1317618101.156497001
1317618101.260165929
1317618101.363859891
1317618101.467601060
1317618101.571341991
1317618101.675082921
1317618101.882666110
1317618101.986429929
1317618102.090195894
1317618102.193981885
1317618102.297770977
1317618102.401537895
1317618102.505300045
1317618102.609039068
1317618102.712759017
1317618102.816430091
1317618102.920048952
1317618103.023644924
1317618103.127217054
1317618103.230791091
1317618103.437911987
1317618103.541388988
1317618103.644818067
1317618103.748174905
1317618103.851460933
1317618103.954699039
1317618104.057888031
1317618104.161078929
1317618104.264292001
1317618104.367527961
1317618104.470788955
1317618104.574122905
1317618104.677505016
1317618104.780910015
1317618104.987814903
1317618105.091366052
1317618105.194937944
1317618105.298535108
1317618105.402179956
1317618105.505824089
1317618105.609447956
1317618105.713068962
1317618105.816689968
1317618105.920310974
1317618106.023957967
1317618106.127604007
1317618106.231270074
1317618106.334961891
1317618084.680268049
1317618086.235896110
1317618087.788556098
1317618089.338606119
1317618090.890089988
1317618092.448295116
1317618094.004265069
1317618095.559207916
1317618097.113642930
1317618098.668365001
1317618100.223428010
1317618101.778875112
1317618103.334363937
1317618106.542300939
1317618106.645946979
1317618106.749592065
1317618106.853260993
1317618106.956904888
1317618107.060550928
1317618107.164222002
1317618107.267889022
1317618107.371558904
1317618107.475250959
1317618107.578943014
1317618107.682589054
1317618107.786211013
1317618107.889856100
1317618108.097122907
1317618108.200763940
1317618108.304411888
1317618108.408063888
1317618108.511733055
1317618108.615395069
1317618108.719063997
1317618108.822731971
1317618108.926400899
1317618109.030050039
1317618109.133694887
1317618109.237337112
1317618109.340981960
1317618109.444624900
1317618109.651868104
1317618109.755513906
1317618109.859183073
1317618109.962852954
1317618110.066548109
1317618110.170241117
1317618110.273910045
1317618110.377578020
1317618110.481245994
1317618110.584916114
1317618110.688561916
1317618110.792207002
1317618110.895850896
1317618110.999497890
1317618111.206759929
1317618111.310381889
1317618111.414004087
1317618111.517649888
1317618111.621295928
1317618111.724917888
1317618111.828562021
1317618111.932207107
1317618112.035846948
1317618112.139516115
1317618112.243190050
1317618112.346883058
1317618112.450576066
1317618112.554246902
1317618112.761609077
1317618112.865278005
1317618112.968920946
1317618113.072590112
1317618113.176259994
1317618113.279928922
1317618113.383567094
1317618113.487199068
1317618113.590852022
1317618113.694534063
1317618113.798202037
1317618113.901849031
1317618114.005517005
1317618114.109184980
1317618114.316524982
1317618114.420171022
1317618114.523791074
1317618114.627363920
1317618114.730911970
1317618114.834486007
1317618114.938082933
1317618115.041655063
1317618115.145159006
1317618115.248611927
1317618115.351993083
1317618115.455279111
1317618115.558515071
1317618115.661729097
1317618115.868058919
1317618115.971271991
1317618116.074507951
1317618116.177794933
1317618116.281131029
1317618116.384489059
1317618116.487843036
1317618116.591222047
1317618116.694650888
1317618116.798104047
1317618116.901581048
1317618117.005104064
1317618117.108680009
1317618117.212326049
1317618117.419926881
1317618117.523859977
1317618117.627888917
1317618117.731988906
1317618117.836160898
1317618117.940357923
1317618118.044579982
1317618118.148848056
1317618118.253093957
1317618118.357268095
1317618118.461365938
1317618118.565397024
1317618118.669379949
1317618118.773313999
1317618118.981107950
1317618119.084992885
1317618119.188853979
1317618119.292690992
1317618119.396501064
1317618119.500241041
1317618119.603985071
1317618119.707700967
1317618119.811367988
1317618119.915036916
1317618120.018686056
1317618120.122306108
1317618120.225950002
1317618120.329621076
1317618120.536931037
1317618120.640577077
1317618120.744249105
1317618120.847918987
1317618120.951562881
1317618121.055208921
1317618121.158852100
1317618121.262449026
1317618121.366024971
1317618121.469597101
1317618121.573193073
1317618121.676815986
1317618121.780462026
1317618121.884130001
1317618122.091398954
1317618122.195019960
1317618122.298640966
1317618122.402288913
1317618122.505980014
1317618122.609669923
1317618122.713339090
1317618122.817008972
1317618122.920654058
1317618123.024323940
1317618123.128016948
1317618123.231686115
1317618123.335330009
1317618123.438973903
1317618123.646312952
1317618123.750006914
1317618123.853698968
1317618123.957343101
1317618124.060990095
1317618124.164659023
1317618124.268301963
1317618124.371947050
1317618124.475617885
1317618124.579278945
1317618124.682924985
1317618124.786554098
1317618124.890144109
1317618124.993710041
1317618125.200750112
1317618125.304277896
1317618125.407845973
1317618125.511464118
1317618125.615088939
1317618125.718736886
1317618125.822427988
1317618125.926145076
1317618126.029865026
1317618126.133605957
1317618126.237337112
1317618126.341056108
1317618126.444782018
1317618126.548471927
1317618126.755930900
1317618126.859647989
1317618126.963363885
1317618127.067056894
1317618127.170726060
1317618127.274370908
1317618127.377990961
1317618127.481637954
1317618127.585331916
1317618127.689048051
1317618127.792763948
1317618127.896481037
1317618128.000174045
1317618128.103844881
1317618106.438631057
1317618107.993504047
1317618109.548247098
1317618111.103142023
1317618112.657917022
1317618114.212855100
1317618115.764894008
1317618117.316091060
1317618118.877223014
1317618120.433288097
1317618121.987772941
1317618123.542644023
1317618125.097239971
1317618128.311113119
1317618128.414709091
1317618128.518280029
1317618128.621853113
1317618128.725425958
1317618128.829000949
1317618128.932574033
1317618129.036144971
1317618129.139697074
1317618129.243221998
1317618129.346746921
1317618129.450297117
1317618129.553893089
1317618129.657514095
1317618129.864826917
1317618129.968472957
1317618130.072096109
1317618130.175717115
1317618130.279364109
1317618130.383033037
1317618130.486675024
1317618130.590318918
1317618130.693989038
1317618130.797636032
1317618130.901282072
1317618131.004949092
1317618131.108593940
1317618131.212215900
1317618131.419488906
1317618131.523156881
1317618131.626820087
1317618131.730489015
1317618131.834157943
1317618131.937824964
1317618132.041471958
1317618132.145117044
1317618132.248764038
1317618132.352432012
1317618132.456099987
1317618132.559745073
1317618132.663414001
1317618132.767061948
1317618132.974374055
1317618133.078043937
1317618133.181693077
1317618133.285336017
1317618133.388952970
1317618133.492574930
1317618133.596220016
1317618133.699846029
1317618133.803492069
1317618133.907107114
1317618134.010703086
1317618134.114347934
1317618134.217993021
1317618134.321640014
1317618134.528973102
1317618134.632642984
1317618134.736288070
1317618134.839934110
1317618134.943579912
1317618135.047200918
1317618135.150818109
1317618135.254437923
1317618135.358088970
1317618135.461760044
1317618135.565404891
1317618135.669025897
1317618135.772650003
1317618135.876270055
1317618136.083606958
1317618136.187300920
1317618136.290992975
1317618136.394685029
1317618136.498354911
1317618136.602024078
1317618136.705693006
1317618136.809362888
1317618136.913033008
1317618137.016702890
1317618137.120349884
1317618137.223970890
1317618137.327577114
1317618137.431185960
1317618137.638386011
1317618137.742031097
1317618137.845696926
1317618137.949366092
1317618138.053057909
1317618138.156764984
1317618138.260459899
1317618138.364175081
1317618138.467892885
1317618138.571624994
1317618138.675399065
1317618138.779175043
1317618138.882884025
1317618138.986562967
1317618139.193944931
1317618139.297545909
1317618139.401141881
1317618139.504725933
1317618139.608315944
1317618139.711885929
1317618139.815428972
1317618139.919003963
1317618140.022578001
1317618140.126151084
1317618140.229723930
1317618140.333296060
1317618140.436866998
1317618140.540416955
1317618140.747494935
1317618140.851090908
1317618140.954709053
1317618141.058331012
1317618141.161976099
1317618141.265645027
1317618141.369340896
1317618141.473057985
1317618141.576801061
1317618141.680567026
1317618141.784327030
1317618141.888087034
1317618141.991852998
1317618142.095599889
1317618142.303024053
1317618142.406728029
1317618142.510421037
1317618142.614097118
1317618142.717777967
1317618142.821449995
1317618142.925118923
1317618143.028789043
1317618143.132457017
1317618143.236103057
1317618143.339746952
1317618143.443368911
1317618143.546967983
1317618143.650564908
1317618143.857683897
1317618143.961186885
1317618144.064661026
1317618144.168112039
1317618144.271545886
1317618144.374979019
1317618144.478379964
1317618144.581762075
1317618144.685168027
1317618144.788573026
1317618144.891953945
1317618144.995312929
1317618145.098671913
1317618145.202027082
1317618145.408788919
1317618145.512217044
1317618145.615645885
1317618145.719075918
1317618145.822529077
1317618145.926007032
1317618146.029484033
1317618146.132985115
1317618146.236509084
1317618146.340058088
1317618146.443631887
1317618146.547251939
1317618146.650922060
1317618146.754616975
1317618146.962145090
1317618147.065984010
1317618147.169820070
1317618147.273631095
1317618147.377420902
1317618147.481210947
1317618147.584997892
1317618147.688764095
1317618147.792530059
1317618147.896296977
1317618148.000063896
1317618148.103852987
1317618148.207689046
1317618148.311573028
1317618148.519294023
1317618148.623106956
1317618148.726871013
1317618148.830588102
1317618148.934281110
1317618149.037928104
1317618149.141549110
1317618149.245167016
1317618149.348787069
1317618149.452387094
1317618149.555962085
1317618149.659535884
1317618149.763109922
1317618149.866703033
1317618128.207492113
1317618129.761158943
1317618131.315838098
1317618132.870706081
1317618134.425307989
1317618135.979913949
1317618137.534784078
1317618139.090276956
1317618140.643944025
1317618142.199320077
1317618143.754136085
1317618145.305382966
1317618146.858356952
1317618150.073898077
1317618150.177519083
1317618150.281141042
1317618150.384763002
1317618150.488384008
1317618150.592005014
1317618150.695627927
1317618150.799676895
1317618150.903320074
1317618151.006536006
1317618151.110157966
1317618151.213756084
1317618151.317353963
1317618151.420974969
1317618151.628165960
1317618151.731767892
1317618151.835362911
1317618151.938961982
1317618152.042560100
1317618152.146181106
1317618152.249799966
1317618152.353420019
1317618152.457040071
1317618152.560661077
1317618152.664283990
1317618152.767908096
1317618152.871553897
1317618152.975195884
1317618153.182435989
1317618153.286056995
1317618153.389679908
1317618153.493298053
1317618153.596920013
1317618153.700541973
1317618153.804162025
1317618153.907783031
1317618154.011405944
1317618154.115025043
1317618154.218646049
1317618154.322244882
1317618154.425842046
1317618154.529438972
1317618154.736634016
1317618154.840205907
1317618154.943802118
1317618155.047399044
1317618155.150990962
1317618155.254611015
1317618155.358237981
1317618155.461860895
1317618155.565458059
1317618155.669039011
1317618155.772612094
1317618155.876176118
1317618155.979763031
1317618156.083372116
1317618156.290555000
1317618156.394139051
1317618156.497735023
1317618156.601330995
1317618156.704952955
1317618156.808624029
1317618156.912269115
1317618157.015913009
1317618157.119535923
1317618157.223157882
1317618157.326776981
1317618157.430373907
1317618157.533973932
1317618157.637572050
1317618157.844821929
1317618157.948442935
1317618158.052052021
1317618158.155672073
1317618158.259295940
1317618158.362941980
1317618158.466583967
1317618158.570204973
1317618158.673825979
1317618158.777472019
1317618158.881094932
1317618158.984694004
1317618159.088313102
1317618159.191930055
1317618159.399178981
1317618159.502799987
1317618159.606419086
1317618159.710038900
1317618159.813658952
1317618159.917282104
1317618160.020905971
1317618160.124526977
1317618160.228143930
1317618160.331772089
1317618160.435390949
1317618160.539030075
1317618160.642677068
1317618160.746321916
1317618160.953541994
1317618161.057137012
1317618161.160708904
1317618161.264286041
1317618161.367858886
1317618161.471429109
1317618161.575026988
1317618161.678647994
1317618161.782269954
1317618161.885912895
1317618161.989557981
1317618162.093180894
1317618162.196803092
1317618162.300421953
1317618162.507666110
1317618162.611284971
1317618162.714906930
1317618162.818551063
1317618162.922195911
1317618163.025816917
1317618163.129462957
1317618163.233108997
1317618163.336733102
1317618163.440329074
1317618163.543926000
1317618163.647545099
1317618163.751140117
1317618163.854737997
1317618164.061938047
1317618164.165529966
1317618164.269125938
1317618164.372749090
1317618164.476345062
1317618164.579919099
1317618164.684081077
1317618164.787678956
1317618164.890712022
1317618164.994333028
1317618165.097978115
1317618165.201621055
1317618165.305241107
1317618165.408863067
1317618165.616178989
1317618165.719870090
1317618165.823561906
1317618165.927207946
1317618166.030850887
1317618166.134510040
1317618166.238149881
1317618166.341783046
1317618166.445436000
1317618166.549078941
1317618166.652699947
1317618166.756318092
1317618166.859940052
1317618166.963563919
1317618167.170783996
1317618167.274380922
1317618167.377979040
1317618167.481527090
1317618167.585077047
1317618167.688651084
1317618167.792248010
1317618167.895834922
1317618167.999408006
1317618168.103014945
1317618168.206635951
1317618168.310259103
1317618168.413903951
1317618168.517548084
1317618168.724863052
1317618168.828506946
1317618168.932130098
1317618169.035773038
1317618169.139441967
1317618169.243109941
1317618169.346777915
1317618169.450447082
1317618169.554116010
1317618169.657784938
1317618169.761456012
1317618169.865102052
1317618169.968722105
1317618170.072367906
1317618170.279707908
1317618170.383377075
1317618170.487021923
1317618170.590666055
1317618170.694309949
1317618170.797934055
1317618170.901556968
1317618171.005177974
1317618171.108798980
1317618171.212419986
1317618171.316018104
1317618171.419615030
1317618171.523246049
1317618171.626889944
1317618149.970299959
1317618151.524564981
1317618153.078815937
1317618154.633035898
1317618156.186969995
1317618157.741192102
1317618159.295552968
1317618160.849944114
1317618162.404042959
1317618163.958338022
1317618165.512510061
1317618167.067186117
1317618168.621193885
1317618171.834176063
1317618171.937839031
1317618172.041481018
1317618172.145126104
1317618172.248794078
1317618172.352459907
1317618172.456130981
1317618172.559799909
1317618172.663467884
1317618172.767139911
1317618172.870832920
1317618172.974503040
1317618173.078123092
1317618173.181720018
1317618173.388914108
1317618173.492511034
1317618173.596133947
1317618173.699731111
1317618173.803328037
1317618173.906972885
1317618174.010617971
1317618174.114238977
1317618174.217905998
1317618174.321599006
1317618174.425245046
1317618174.528889894
1317618174.632536888
1317618174.736181974
1317618174.943449020
1317618175.047095060
1317618175.150739908
1317618175.254360914
1317618175.358002901
1317618175.461647033
1317618175.565273046
1317618175.668870925
1317618175.772464036
1317618175.876060962
1317618175.979659080
1317618176.083256006
1317618176.186827898
1317618176.290400981
1317618176.497596979
1317618176.601218938
1317618176.704864978
1317618176.808486938
1317618176.912108898
1317618177.015727996
1317618177.119347095
1317618177.222966909
1317618177.326564073
1317618177.430161952
1317618177.533736944
1317618177.637311935
1317618177.740905046
1317618177.844500064
1317618178.051690101
1317618178.155316114
1317618178.258960962
1317618178.362606048
1317618178.466229915
1317618178.569853067
1317618178.673472881
1317618178.777116060
1317618178.880759000
1317618178.984380960
1317618179.088201999
1317618179.191844940
1317618179.295295000
1317618179.398936986
1317618179.606230974
1317618179.709876060
1317618179.813498020
1317618179.917114019
1317618180.020760059
1317618180.124432086
1317618180.228075981
1317618180.331722974
1317618180.435390949
1317618180.539035081
1317618180.642656087
1317618180.746274948
1317618180.849899053
1317618180.953521013
1317618181.160761117
1317618181.264381885
1317618181.368002891
1317618181.471623897
1317618181.575246095
1317618181.678867101
1317618181.782511949
1317618181.886157989
1317618181.989782094
1317618182.093426942
1317618182.197092056
1317618182.300738096
1317618182.404385089
1317618182.508028030
1317618182.715316057
1317618182.818938970
1317618182.922585010
1317618183.026228904
1317618183.129848957
1317618183.233469009
1317618183.337091922
1317618183.440715074
1317618183.544336080
1317618183.647934913
1317618183.751555919
1317618183.855200052
1317618183.958821058
1317618184.062443971
1317618184.269733905
1317618184.373354911
1317618184.476975917
1317618184.580621004
1317618184.684264898
1317618184.787889957
1317618184.891534090
1317618184.995176076
1317618185.098822116
1317618185.202465057
1317618185.306109905
1317618185.409754991
1317618185.513401031
1317618185.617047071
1317618185.824384927
1317618185.928052902
1317618186.031672000
1317618186.135293960
1317618186.238890886
1317618186.342489004
1317618186.446110963
1317618186.549706935
1317618186.653281927
1317618186.756829977
1317618186.860378980
1317618186.963928937
1317618187.067452907
1317618187.170979022
1317618187.378027915
1317618187.481528043
1317618187.585031986
1317618187.688533067
1317618187.792035102
1317618187.895560026
1317618187.999095916
1317618188.102634906
1317618188.206160068
1317618188.309709072
1317618188.413306951
1317618188.516930103
1317618188.620562076
1317618188.724219083
1317618188.931560039
1317618189.035226106
1317618189.138891935
1317618189.242587089
1317618189.346328973
1317618189.450093030
1317618189.553930044
1317618189.657838106
1317618189.761773109
1317618189.865753889
1317618189.969758033
1317618190.073739051
1317618190.177695035
1317618190.281630039
1317618190.489376068
1317618190.593193054
1317618190.696958065
1317618190.800695896
1317618190.904392004
1317618191.008059024
1317618191.111704111
1317618191.215326070
1317618191.318922042
1317618191.422525882
1317618191.526144027
1317618191.629756927
1317618191.733377933
1317618191.837001085
1317618192.044245004
1317618192.147887945
1317618192.251533031
1317618192.355180025
1317618192.458847999
1317618192.562516927
1317618192.666155099
1317618192.769742965
1317618192.873301982
1317618192.976861000
1317618193.080410003
1317618193.183933973
1317618193.287460088
1317618193.390964031
1317618171.730529069
1317618173.285319089
1317618174.839827060
1317618176.394000053
1317618177.948092937
1317618179.502583026
1317618181.057140111
1317618182.611670017
1317618184.166090011
1317618185.720691919
1317618187.274506092
1317618188.827889919
1317618190.385514974
1317618191.940623998
1317618193.494462966
1317618195.047312021
1317618196.601722955
1317618198.157864093
1317618199.712568998
1317618201.267148017
1317618202.821486949
1317618193.597964048
1317618193.701462984
1317618193.804986953
1317618193.908513069
1317618194.012063026
1317618194.115612030
1317618194.219113111
1317618194.322612047
1317618194.426161050
1317618194.529710054
1317618194.633235931
1317618194.736759901
1317618194.840261936
1317618194.943763971
1317618195.150885105
1317618195.254456996
1317618195.358031034
1317618195.461627960
1317618195.565253019
1317618195.668873071
1317618195.772465944
1317618195.876063108
1317618195.979660987
1317618196.083256959
1317618196.186857938
1317618196.290477991
1317618196.394195079
1317618196.497961997
1317618196.705490112
1317618196.809257984
1317618196.913021087
1317618197.016786098
1317618197.120552062
1317618197.224339008
1317618197.328152894
1317618197.431963920
1317618197.535742044
1317618197.639473915
1317618197.743180036
1317618197.846863031
1317618197.950531005
1317618198.054198026
1317618198.261512994
1317618198.365134000
1317618198.468753099
1317618198.572350025
1317618198.675972938
1317618198.779614925
1317618198.883258104
1317618198.986908912
1317618199.090553998
1317618199.194221973
1317618199.297888994
1317618199.401556968
1317618199.505217075
1317618199.608887910
1317618199.816210985
1317618199.919831991
1317618200.023456096
1317618200.127100944
1317618200.230792999
1317618200.334458112
1317618200.438103914
1317618200.541754007
1317618200.645375967
1317618200.749020099
1317618200.852663993
1317618200.956284999
1317618201.059906005
1317618201.163527011
1317618201.370743989
1317618201.474317073
1317618201.577913999
1317618201.681535005
1317618201.785132884
1317618201.888730049
1317618201.992350101
1317618202.095971107
1317618202.199594020
1317618202.303241014
1317618202.406909942
1317618202.510552883
1317618202.614197969
1317618202.717843055
1317618202.925153970
1317618203.028798103
1317618203.132446050
1317618203.236093997
1317618203.339715957
1317618203.443336963
1317618203.546957969
1317618203.650553941
1317618203.754152059
1317618203.857774019
1317618203.961390972
1317618204.065035104
1317618204.168705940
1317618204.272375106
1317618204.376051902
1317618204.479721069
1317618204.583383083
1317618204.687076091
1317618204.790745019
1317618204.894364118
1317618204.998014926
1317618205.101660966
1317618205.205303907
1317618205.308948040
1317618205.412568092
1317618205.516191005
1317618205.619846105
1317618205.723488092
1317618205.827101945
